40,CCA410105A,B752,A,ZUUU,ZBAA,1         
,10.560833333333335,37.315502,111.55179,8870.0,519.486381
,10.561944444444444,37.320557,111.56243,8870.0,533.140452
,10.563055555555556,37.32589,111.5727,8870.0,527.6010780000001
,10.564166666666667,37.33066,111.58297,8870.0,511.566048
,10.565277777777778,37.335155,111.59398,8870.0,532.314405
,10.566666666666666,37.339645,111.604614,8870.0,517.8342870000001
,10.567777777777778,37.34498,111.614525,8870.0,514.724463
,10.568888888888889,37.350876,111.623695,8870.0,507.14426700000007
,10.57,37.35621,111.6336,8870.0,514.432917
,10.571111111111112,37.362667,111.64277,8870.0,526.72644
,10.572222222222223,37.368,111.65304,8870.0,527.406714
,10.573611111111111,37.373333,111.66368,8870.0,540.7692390000001
,10.574722222222222,37.378387,111.67395,8870.0,519.243426
,10.575833333333334,37.38344,111.68459,8870.0,532.8003150000001
,10.576944444444445,37.388493,111.69523,8870.0,532.7517240000001
,10.578055555555554,37.394108,111.704765,8870.0,510.05972700000007
,10.579166666666666,37.39916,111.71467,8870.0,505.83231
,10.580555555555556,37.40393,111.72568,8870.0,538.8741900000001
,10.581666666666667,37.408424,111.73595,8870.0,503.7914880000001
,10.582777777777778,37.413757,111.74622,8870.0,527.163759
,10.58388888888889,37.41881,111.757225,8870.0,546.114249
,10.585,37.424423,111.767494,8870.0,535.5214110000001
,10.586111111111112,37.43032,111.777405,8870.0,531.974268
,10.5875,37.435093,111.78841,8870.0,538.5826440000001
,10.588611111111112,37.439583,111.799416,8870.0,531.439767
,10.589722222222223,37.44492,111.809685,8870.0,527.115168
,10.590833333333334,37.450253,111.819954,8870.0,526.9693950000001
,10.591944444444445,37.455585,111.83023,8870.0,527.163759
,10.593055555555557,37.46064,111.8405,8870.0,518.8546980000001
,10.594166666666668,37.465412,111.851135,8870.0,524.539845
,10.595555555555556,37.469624,111.86178,8870.0,510.64281900000003
,10.596666666666668,37.474674,111.87168,8870.0,505.20062700000005
,10.597777777777779,37.480007,111.88195,8870.0,526.8236220000001
,10.59888888888889,37.48478,111.89223,8870.0,511.22591100000005
,10.6,37.489834,111.90213,8870.0,505.2492180000001
,10.601111111111111,37.49489,111.9124,8870.0,518.708925
,10.6025,37.501343,111.92194,8870.0,537.9995520000001
,10.60361111111111,37.50752,111.93148,8870.0,528.4271249999999
,10.604722222222222,37.513134,111.94138,8870.0,522.158886
,10.605833333333333,37.517906,111.95165,8870.0,510.69141
,10.606944444444444,37.52352,111.96156,8870.0,522.450432
,10.608055555555556,37.528576,111.971466,8870.0,505.3464
,10.609444444444444,37.533627,111.9832,8870.0,572.693526
,10.610555555555555,37.53896,111.99384,8870.0,539.8946010000001
,10.611666666666666,37.544575,112.00338,8870.0,509.573817
,10.612777777777778,37.54907,112.014015,8870.0,516.862467
,10.613888888888889,37.5544,112.02429,8870.0,526.5806670000001
,10.615,37.559452,112.034195,8870.0,505.0548540000001
,10.616388888888888,37.564507,112.045204,8870.0,545.5311570000001
,10.6175,37.56928,112.056206,8870.0,537.756597
,10.618611111111111,37.574333,112.06684,8870.0,531.536949
,10.619722222222222,37.57995,112.07675,8870.0,522.304659
,10.620833333333334,37.585,112.08739,8870.0,531.634131
,10.621944444444445,37.590332,112.097664,8870.0,526.434894
,10.623055555555556,37.595947,112.10793,8870.0,534.646773
,10.624444444444444,37.601,112.1182,8870.0,518.0772420000001
,10.625555555555556,37.606335,112.12848,8870.0,526.629258
,10.626666666666667,37.61195,112.13838,8870.0,521.721567
,10.627777777777778,37.617283,112.150116,8870.0,579.739221
,10.62888888888889,37.622616,112.16186,8870.0,579.9821760000001
,10.63,37.62767,112.17213,8870.0,517.9800600000001
,10.631388888888889,37.633003,112.183136,8870.0,552.722625
,10.6325,37.638058,112.19414,8870.0,544.948065
,10.63361111111111,37.64339,112.20405,8870.0,513.1695510000001
,10.634722222222221,37.648724,112.21395,8870.0,512.878005
,10.635833333333332,37.653778,112.22459,8870.0,531.391176
,10.636944444444444,37.65911,112.23486,8870.0,525.9489840000001
,10.638333333333334,37.663883,112.24477,8870.0,496.69720200000006
,10.639444444444443,37.668938,112.255035,8870.0,517.639923
,10.640555555555554,37.67399,112.26531,8870.0,517.882878
,10.641666666666666,37.679325,112.275215,8870.0,512.9265960000001
,10.642777777777777,37.684937,112.285484,8870.0,534.209454
,10.643888888888888,37.68971,112.29613,8870.0,523.7623890000001
,10.645277777777777,37.694763,112.3064,8870.0,517.639923
,10.646388888888888,37.699818,112.316666,8870.0,517.49415
,10.647499999999999,37.70543,112.32694,8870.0,534.306636
,10.64861111111111,37.711327,112.33648,8870.0,518.0772420000001
,10.649722222222222,37.71694,112.34675,8870.0,534.1122720000001
,10.650833333333333,37.721992,112.35739,8870.0,530.953857
,10.651944444444444,37.727047,112.36766,8870.0,517.542741
,10.653333333333334,37.73238,112.37793,8870.0,525.6088470000001
,10.654444444444445,37.737434,112.38857,8870.0,530.953857
,10.655555555555557,37.74305,112.39921,8870.0,547.1832510000002
,10.656666666666666,37.748383,112.40911,8870.0,512.343504
,10.657777777777778,37.753155,112.42012,8870.0,536.979141
,10.658888888888889,37.757927,112.43112,8870.0,536.590413
,10.660277777777779,37.76326,112.44103,8870.0,512.6350500000001
,10.661388888888888,37.769157,112.450935,8870.0,530.224992
,10.6625,37.77561,112.46414,8870.0,663.8016510000001
,10.663611111111111,37.77954,112.47221,8870.0,405.24894000000006
,10.664722222222222,37.784878,112.483215,8870.0,551.99376
,10.666111111111112,37.789368,112.49386,8870.0,515.7934650000001
,10.667222222222222,37.794422,112.50449,8870.0,530.273583
,10.668333333333333,37.798634,112.5155,8870.0,522.8391600000001
,10.669444444444444,37.80284,112.52724,8870.0,550.924758
,10.670555555555556,37.807053,112.53898,8870.0,551.0705310000001
,10.671666666666667,37.81098,112.55035,8870.0,530.322174
,10.673055555555555,37.814632,112.562454,8870.0,553.694445
,10.674166666666666,37.81856,112.57383,8870.0,530.5165380000001
,10.675277777777778,37.822495,112.5852,8870.0,530.419356
,10.676388888888889,37.82614,112.59694,8870.0,538.9713720000001
,10.6775,37.830074,112.60868,8870.0,544.8508830000001
,10.67861111111111,37.834003,112.620415,8870.0,544.510746
,10.68,37.83681,112.63252,8870.0,538.9713720000001
,10.681111111111111,37.84018,112.64463,8870.0,548.495208
,10.682222222222222,37.84411,112.65637,8870.0,544.70511
,10.683333333333334,37.84776,112.668106,8870.0,538.777008
,10.684444444444445,37.85141,112.68058,8870.0,568.1745630000001
,10.685555555555556,37.855057,112.69232,8870.0,538.825599
,10.686944444444444,37.858707,112.70369,8870.0,524.199708
,10.688055555555556,37.862076,112.71543,8870.0,533.4319980000001
,10.689166666666667,37.865726,112.72717,8870.0,538.825599
,10.690277777777778,37.869373,112.73927,8870.0,553.0627620000001
,10.69138888888889,37.87274,112.75065,8870.0,518.9518800000001
,10.6925,37.87611,112.76239,8870.0,533.383407
,10.693611111111112,37.87976,112.77376,8870.0,524.053935
,10.695,37.88369,112.7855,8870.0,544.4135640000001
,10.696111111111112,37.88734,112.79761,8870.0,553.402899
,10.697222222222223,37.89127,112.808975,8870.0,529.6904910000001
,10.698333333333334,37.89492,112.82072,8870.0,538.825599
,10.699444444444445,37.89829,112.832825,8870.0,547.912116
,10.700555555555555,37.90194,112.84456,8870.0,538.3882800000001
,10.701944444444443,37.90587,112.8563,8870.0,544.3163820000001
,10.703055555555554,37.909237,112.86804,8870.0,533.091861
,10.704166666666666,37.912888,112.88014,8870.0,552.8683980000001
,10.705277777777777,37.916817,112.89152,8870.0,530.079219
,10.706388888888888,37.920467,112.90326,8870.0,538.4854620000001
,10.7075,37.924114,112.91536,8870.0,552.722625
,10.708888888888888,37.928047,112.926735,8870.0,529.933446
,10.709999999999999,37.931416,112.93848,8870.0,533.189043
,10.71111111111111,37.935062,112.949844,8870.0,523.422252
,10.712222222222222,37.938713,112.961586,8840.0,538.4368710000001
,10.713333333333333,37.942642,112.973694,8840.0,558.5049540000001
,10.714444444444444,37.946293,112.98506,8840.0,523.519434
,10.715833333333332,37.949944,112.99607,8810.0,509.47663500000004
,10.716944444444444,37.953312,113.007805,8810.0,532.6545420000001
,10.718055555555555,37.956963,113.01918,8780.0,523.8109800000001
,10.719166666666666,37.96061,113.03092,8750.0,538.145325
,10.720277777777778,37.963978,113.042656,8720.0,532.6059510000001
,10.721388888888889,37.96763,113.05403,8690.0,523.7137980000001
,10.7225,37.97128,113.06614,8660.0,552.8683980000001
,10.723888888888888,37.97521,113.07751,8630.0,529.350354
,10.725,37.97886,113.08925,8630.0,538.0967340000001
,10.726111111111111,37.982506,113.10136,8600.0,552.722625
,10.727222222222222,37.985596,113.112724,8560.0,512.489277
,10.728333333333333,37.989243,113.124466,8560.0,538.048143
,10.729444444444445,37.992893,113.13584,8530.0,523.519434
,10.730833333333333,37.996822,113.14721,8470.0,529.204581
,10.731944444444444,38.000473,113.15822,8440.0,509.18508900000006
,10.733055555555556,38.00384,113.16922,8440.0,502.965441
,10.734166666666665,38.007492,113.180595,8410.0,523.519434
,10.735277777777776,38.01114,113.19196,8380.0,523.033524
,10.736388888888888,38.01507,113.203705,8350.0,543.781881
,10.737777777777778,38.01872,113.21508,8320.0,523.422252
,10.738888888888889,38.02237,113.22608,8290.0,508.60199700000004
,10.739999999999998,38.025738,113.23782,8260.0,532.4115869999999
,10.74111111111111,38.029106,113.24956,8230.0,532.3629960000001
,10.742222222222221,38.032757,113.26093,8230.0,523.130706
,10.743333333333332,38.036407,113.27194,8200.0,508.94213400000007
,10.74472222222222,38.040054,113.28331,8170.0,523.033524
,10.745833333333332,38.043423,113.294685,8140.0,517.6885139999999
,10.746944444444443,38.047073,113.30605,8140.0,522.8391600000001
,10.748055555555554,38.05044,113.31743,8110.0,517.8342870000001
,10.749166666666666,38.054092,113.328064,8110.0,494.17047
,10.750277777777777,38.05774,113.33944,8110.0,523.179297
,10.751388888888888,38.06111,113.350815,8110.0,517.639923
,10.752777777777778,38.06476,113.36145,8110.0,494.073288
,10.75388888888889,38.06841,113.37319,8110.0,537.5136420000001
,10.755,38.071777,113.38419,8110.0,502.57671300000004
,10.75611111111111,38.075146,113.39557,8110.0,517.737105
,10.757222222222222,38.078796,113.40657,8110.0,508.31045100000006
,10.758333333333333,38.082443,113.417946,8110.0,522.9849330000001
,10.759722222222223,38.086094,113.42895,8110.0,508.40763300000003
,10.760833333333334,38.089462,113.43996,8110.0,502.868259
,10.761944444444444,38.093113,113.45096,8110.0,508.2132690000001
,10.763055555555555,38.096764,113.46233,8110.0,522.741978
,10.764166666666666,38.100693,113.47297,8110.0,500.2929360000001
,10.765277777777778,38.10378,113.484344,8110.0,512.1005490000001
,10.766666666666667,38.107147,113.496086,8110.0,531.9256770000001
,10.767777777777779,38.11108,113.50709,8110.0,514.3843260000001
,10.76888888888889,38.113888,113.51883,8110.0,522.207477
,10.770000000000001,38.117535,113.52983,8110.0,508.0189050000001
,10.771111111111113,38.121185,113.54157,8110.0,537.173505
,10.772222222222224,38.1268,113.55184,8110.0,532.168632
,10.773611111111112,38.13073,113.562485,8110.0,500.34152700000004
,10.774722222222223,38.134098,113.57385,8110.0,516.716694
,10.775833333333335,38.134098,113.58706,8110.0,562.052097
,10.776944444444446,38.137466,113.59807,8110.0,502.6253040000001
,10.778055555555556,38.141396,113.60907,8110.0,513.9955980000001
,10.779166666666667,38.144485,113.62081,8110.0,526.629258
,10.780277777777778,38.147854,113.63181,8110.0,502.1879850000001
,10.781666666666668,38.151783,113.642456,8110.0,500.24434500000007
,10.78277777777778,38.155716,113.65346,8110.0,514.141371
,10.783888888888889,38.159363,113.6641,8110.0,493.68456000000003
,10.785,38.163013,113.6751,8110.0,507.77594999999997
,10.786111111111111,38.16638,113.68648,8110.0,517.1054220000001
,10.787222222222223,38.16975,113.697845,8110.0,516.570921
,10.788611111111111,38.17368,113.708855,8110.0,514.189962
,10.789722222222222,38.178173,113.719124,8110.0,499.758435
,10.790833333333333,38.182663,113.72977,8110.0,513.704052
,10.791944444444445,38.185192,113.741135,8110.0,502.1879850000001
,10.793055555555556,38.18828,113.75251,8110.0,511.66323
,10.794166666666667,38.19249,113.76351,8110.0,520.1666550000001
,10.795555555555556,38.195858,113.77452,8110.0,502.2365760000001
,10.796666666666667,38.198944,113.78626,8110.0,526.24053
,10.797777777777778,38.202595,113.797264,8110.0,507.72735900000004
,10.79888888888889,38.205402,113.80864,8110.0,506.80413
,10.8,38.20933,113.81964,8110.0,513.558279
,10.801111111111112,38.213543,113.830284,8110.0,506.56117500000005
,10.8025,38.21691,113.841286,8110.0,501.799257
,10.803611111111111,38.22028,113.852295,8110.0,502.0908030000001
,10.804722222222223,38.22393,113.8633,8110.0,507.63017700000006
,10.805833333333334,38.22786,113.87393,8110.0,499.2239340000001
,10.806944444444445,38.231792,113.884575,8110.0,499.80702600000006
,10.808055555555557,38.23516,113.89558,8110.0,501.799257
,10.809166666666668,38.23797,113.90732,8110.0,521.430021
,10.810555555555556,38.241898,113.91795,8110.0,499.07816099999997
,10.811666666666667,38.24611,113.92896,8110.0,520.2638370000001
,10.812777777777779,38.249195,113.94034,8110.0,511.42027500000006
,10.81388888888889,38.252003,113.951706,8110.0,506.12385600000005
,10.815000000000001,38.255093,113.96308,8110.0,511.22591100000005
,10.816111111111113,38.25846,113.97445,8110.0,516.1336020000001
,10.817499999999999,38.262108,113.985825,8110.0,521.86734
,10.81861111111111,38.265476,113.996826,8110.0,501.4591200000001
,10.819722222222222,38.269688,114.00747,8110.0,506.221038
,10.820833333333333,38.273056,114.01884,8110.0,516.085011
,10.821944444444444,38.276707,114.03021,8110.0,521.624385
,10.823055555555555,38.280636,114.04085,8110.0,499.2725250000001
,10.824444444444444,38.284286,114.05149,8110.0,493.05287699999997
,10.825555555555555,38.287937,114.06249,8110.0,507.0956760000001
,10.826666666666666,38.291584,114.0735,8110.0,507.3386310000001
,10.827777777777778,38.295235,114.0845,8110.0,507.0470850000001
,10.828888888888889,38.299446,114.09551,8110.0,519.9237
,10.83,38.303375,114.10615,8110.0,499.17534300000005
,10.831388888888888,38.30787,114.115685,8110.0,472.158747
,10.8325,38.311516,114.12669,8110.0,506.99849400000005
,10.83361111111111,38.314884,114.13807,8110.0,516.1821930000001
,10.834722222222222,38.317974,114.1498,8110.0,525.1229370000001
,10.835833333333333,38.321342,114.16118,8110.0,516.1821930000001
,10.836944444444445,38.32443,114.17291,8110.0,525.074346
,10.838055555555556,38.327797,114.18392,8110.0,501.4591200000001
,10.839444444444444,38.331448,114.1953,8110.0,521.721567
,10.840555555555556,38.335377,114.206665,8110.0,526.9693950000001
,10.841666666666667,38.339027,114.217674,8110.0,507.0956760000001
,10.842777777777778,38.342957,114.228676,8110.0,512.878005
,10.84388888888889,38.346607,114.239685,8110.0,507.0470850000001
,10.845,38.350536,114.25069,8110.0,512.9265960000001
,10.846388888888889,38.354187,114.26206,8110.0,521.1870660000001
,10.8475,38.357838,114.2727,8110.0,492.6155580000001
,10.848611111111111,38.361206,114.28407,8110.0,515.501919
,10.849722222222223,38.365135,114.295074,8110.0,512.829414
,10.850833333333332,38.368786,114.30608,8110.0,506.80413
,10.851944444444444,38.372715,114.31782,8110.0,541.352331
,10.853333333333333,38.376366,114.32883,8110.0,506.949903
,10.854444444444445,38.380295,114.33983,8110.0,512.586459
,10.855555555555556,38.384506,114.35047,8110.0,505.39499100000006
,10.856666666666666,38.388153,114.36147,8110.0,506.41540200000003
,10.857777777777777,38.392086,114.37285,8110.0,527.309532
,10.858888888888888,38.396015,114.38385,8110.0,512.489277
,10.860277777777778,38.399944,114.395226,8110.0,527.0179860000001
,10.861388888888888,38.404156,114.406235,8110.0,519.2920170000001
,10.862499999999999,38.408646,114.41687,8110.0,512.0519580000001
,10.86361111111111,38.41258,114.42861,8110.0,541.206558
,10.864722222222222,38.41707,114.43961,8110.0,525.6574380000001
,10.865833333333333,38.42128,114.45099,8110.0,533.334816
,10.866944444444444,38.42521,114.46236,8110.0,526.629258
,10.868333333333334,38.429142,114.4741,8110.0,541.060785
,10.869444444444445,38.43335,114.486206,8110.0,561.1774590000001
,10.870555555555557,38.437283,114.49794,8110.0,540.7692390000001
,10.871666666666668,38.441494,114.51005,8110.0,561.3718230000001
,10.872777777777777,38.444862,114.52179,8110.0,529.6904910000001
,10.873888888888889,38.44907,114.53426,8110.0,575.2202580000001
,10.875277777777779,38.45328,114.546364,8110.0,561.0316860000001
,10.87638888888889,38.457493,114.55847,8110.0,561.128868
,10.877500000000001,38.461422,114.57058,8110.0,555.2007660000002
,10.87861111111111,38.465355,114.58305,8110.0,569.389338
,10.879722222222222,38.469566,114.59442,8110.0,532.7031330000001
,10.880833333333333,38.473213,114.606895,8110.0,563.947146
,10.882222222222223,38.47658,114.619,8110.0,544.024836
,10.883333333333333,38.480232,114.63148,8080.0,564.190101
,10.884444444444444,38.4836,114.643585,8080.0,543.9762450000001
,10.885555555555555,38.48725,114.65532,8050.0,534.646773
,10.886666666666667,38.4909,114.666695,7990.0,520.506792
,10.887777777777778,38.493988,114.67843,7960.0,524.1511170000001
,10.889166666666666,38.497074,114.69017,7920.0,524.29689
,10.890277777777778,38.500446,114.701546,7890.0,514.9674180000001
,10.891388888888889,38.503815,114.71291,7860.0,514.432917
,10.8925,38.50746,114.72429,7830.0,520.506792
,10.893611111111111,38.51027,114.73529,7770.0,489.79728000000006
,10.89472222222222,38.513638,114.74593,7740.0,485.81281800000005
,10.895833333333332,38.516727,114.756935,7710.0,494.850744
,10.897222222222222,38.519814,114.767944,7650.0,494.94792600000005
,10.898333333333333,38.523182,114.778946,7620.0,499.95279899999997
,10.899444444444445,38.52655,114.78922,7560.0,471.381291
,10.900555555555556,38.529922,114.79986,7500.0,485.76422700000006
,10.901666666666667,38.53301,114.81087,7470.0,494.899335
,10.902777777777779,38.536377,114.8215,7410.0,485.229726
,10.904166666666667,38.539467,114.832504,7380.0,494.65638000000007
,10.905277777777778,38.542835,114.84315,7320.0,485.86140900000004
,10.90638888888889,38.546482,114.85342,7280.0,477.16362000000004
,10.9075,38.550133,114.86369,7220.0,477.26080200000007
,10.908611111111112,38.5535,114.87433,7130.0,485.521272
,10.91,38.55687,114.88533,7100.0,499.70984400000003
,10.911111111111111,38.560238,114.89597,7040.0,485.521272
,10.912222222222223,38.563606,114.90661,7010.0,485.521272
,10.913333333333334,38.567257,114.916885,6950.0,477.3579840000001
,10.914444444444445,38.570908,114.927155,6920.0,477.11502900000005
,10.915555555555557,38.574554,114.93779,6860.0,491.10923699999995
,10.916666666666666,38.577923,114.94807,6830.0,471.381291
,10.918055555555554,38.581013,114.9587,6770.0,479.54457900000006
,10.919166666666666,38.58438,114.968605,6740.0,456.706809
,10.920277777777777,38.58803,114.97925,6710.0,491.4979650000001
,10.921388888888888,38.5914,114.98988,6640.0,484.98677100000003
,10.9225,38.59477,114.999794,6610.0,457.04694600000005
,10.92361111111111,38.597855,115.01043,6550.0,479.59317000000004
,10.924722222222222,38.601505,115.02033,6520.0,462.7320930000001
,10.92611111111111,38.604595,115.030975,6490.0,480.03048900000005
,10.927222222222222,38.608242,115.041245,6430.0,476.823483
,10.928333333333333,38.611332,115.05151,6400.0,464.967279
,10.929444444444444,38.6147,115.06179,6370.0,471.13833600000004
,10.930555555555555,38.61807,115.07169,6340.0,456.41526300000004
,10.931666666666667,38.621437,115.08196,6250.0,470.70101700000004
,10.933055555555555,38.624805,115.09224,6220.0,471.08974500000005
,10.934166666666666,38.628174,115.10214,6190.0,456.31808100000006
,10.935277777777777,38.631264,115.11241,6160.0,465.06446100000005
,10.936388888888889,38.63491,115.122314,6100.0,462.63491100000005
,10.9375,38.63828,115.13259,6070.0,470.895381
,10.938611111111111,38.64193,115.14286,6040.0,476.72630100000003
,10.94,38.64502,115.15276,6000.0,450.389979
,10.94111111111111,38.648666,115.162674,5970.0,462.926457
,10.942222222222222,38.652035,115.17294,5940.0,470.409471
,10.943333333333333,38.655685,115.182846,5910.0,462.68350200000003
,10.944444444444445,38.659054,115.193115,5880.0,470.50665300000003
,10.945555555555556,38.662144,115.203026,5850.0,450.73011600000007
,10.946944444444444,38.66523,115.213295,5820.0,464.724324
,10.948055555555555,38.6686,115.2232,5790.0,456.31808100000006
,10.949166666666667,38.671688,115.23384,5760.0,479.3988060000001
,10.950277777777776,38.675056,115.24411,5730.0,470.409471
,10.951388888888888,38.678425,115.25365,5700.0,442.17810000000003
,10.952499999999999,38.681793,115.26356,5670.0,456.41526300000004
,10.95361111111111,38.68432,115.273094,5610.0,425.122659
,10.955,38.687687,115.28263,5580.0,441.93514500000003
,10.95611111111111,38.691338,115.2929,5550.0,476.4833460000001
,10.95722222222222,38.694706,115.30244,5520.0,442.032327
,10.958333333333332,38.698357,115.31198,5490.0,448.54352100000006
,10.959444444444443,38.701164,115.32225,5460.0,459.379314
,10.960555555555555,38.704533,115.33215,5430.0,455.92935300000005
,10.963055555555554,38.71127,115.35123,5390.0,883.967472
,10.964166666666666,38.714638,115.36077,5360.0,441.93514500000003
,10.965277777777777,38.718006,115.36994,5330.0,427.746573
,10.966388888888888,38.721375,115.37911,5300.0,427.746573
,10.9675,38.724464,115.38865,5270.0,435.90986100000003
,10.96888888888889,38.72811,115.39782,5270.0,434.3063580000001
,10.97,38.7312,115.40699,5240.0,421.478334
,10.971111111111112,38.73457,115.41616,5240.0,427.697982
,10.972222222222223,38.737656,115.42533,5210.0,421.38115200000004
,10.973333333333333,38.741306,115.43524,5180.0,462.39195600000005
,10.974444444444444,38.744675,115.445145,5180.0,455.88076200000006
,10.975833333333334,38.748604,115.45468,5150.0,454.95753300000007
,10.976944444444445,38.752537,115.464584,5120.0,468.85455900000005
,10.978055555555555,38.756466,115.47486,5090.0,482.7515850000001
,10.979166666666666,38.760117,115.4844,5090.0,448.251975
,10.980277777777777,38.764046,115.49503,5090.0,496.16270099999997
,10.981388888888889,38.767975,115.50274,5090.0,388.485045
,10.9825,38.771904,115.51264,5090.0,468.514422
,10.983888888888888,38.775837,115.522545,5060.0,468.7573770000001
,10.985,38.779766,115.532455,5060.0,468.805968
,10.98611111111111,38.783417,115.54199,5030.0,447.96042900000003
,10.987222222222222,38.787346,115.55116,5000.0,441.20628000000005
,10.988333333333333,38.790997,115.56033,5000.0,434.160585
,10.989444444444443,38.794926,115.56877,4970.0,414.48123
,10.990833333333333,38.799137,115.57684,4970.0,409.4277660000001
,10.991944444444444,38.802505,115.58565,4940.0,413.655183
,10.993055555555555,38.806435,115.594086,4940.0,414.28686600000003
,10.994166666666667,38.809803,115.60399,4910.0,455.49203400000005
,10.995277777777776,38.813732,115.61279,4910.0,427.45502700000003
,10.996388888888887,38.817383,115.62233,4880.0,447.96042900000003
,10.997777777777777,38.821033,115.631134,4880.0,420.31215000000003
,10.998888888888889,38.82468,115.64067,4850.0,447.668883
,11.0,38.82833,115.64984,4820.0,433.9176300000001
,11.001111111111111,38.83198,115.659386,4820.0,448.10620200000005
,11.002222222222223,38.83591,115.66929,4790.0,468.320058
,11.003333333333334,38.83956,115.67846,4790.0,433.86903900000004
,11.004722222222222,38.84349,115.68763,4750.0,440.96332500000005
,11.005833333333333,38.84686,115.69753,4750.0,455.151897
,11.006944444444445,38.85051,115.70707,4720.0,447.766065
,11.008055555555556,38.85472,115.71587,4720.0,435.03522300000003
,11.009166666666667,38.858368,115.72468,4690.0,420.31215000000003
,11.010277777777778,38.8623,115.73385,4690.0,440.914734
,11.011388888888888,38.86567,115.74339,4660.0,441.20628000000005
,11.012777777777778,38.869038,115.75293,4630.0,441.15768900000006
,11.01388888888889,38.872684,115.7621,4630.0,433.62608400000005
,11.015,38.876335,115.77054,4600.0,406.60948800000006
,11.016111111111112,38.880547,115.77787,4600.0,383.625945
,11.017222222222223,38.883915,115.786674,4600.0,413.072091
,11.018333333333334,38.887005,115.79585,4570.0,420.94383300000004
,11.019722222222223,38.890373,115.80502,4540.0,426.92052600000005
,11.020833333333334,38.89346,115.81419,4540.0,420.65228700000006
,11.021944444444445,38.896828,115.82373,4510.0,441.011916
,11.023055555555556,38.899918,115.8329,4510.0,420.65228700000006
,11.024166666666668,38.903004,115.84134,4510.0,392.566689
,11.025277777777779,38.906933,115.84868,4510.0,374.9767470000001
,11.026666666666667,38.910305,115.85601,4510.0,358.40721600000006
,11.027777777777779,38.914234,115.86298,4510.0,362.24590500000005
,11.02888888888889,38.917603,115.87069,4510.0,372.1584690000001
,11.030000000000001,38.91985,115.87986,4510.0,404.617257
,11.031111111111112,38.922092,115.88903,4510.0,404.520075
,11.032222222222224,38.925182,115.89636,4510.0,350.82702
,11.03361111111111,38.92855,115.9037,4510.0,358.60158000000007
,11.034722222222221,38.93192,115.91104,4510.0,358.650171
,11.035833333333333,38.93501,115.91801,4510.0,337.56167700000003
,11.036944444444444,38.938095,115.92571,4510.0,364.4325
,11.038055555555555,38.940903,115.93305,4510.0,344.121462
,11.039166666666667,38.94371,115.940384,4510.0,343.878507
,11.040277777777778,38.946518,115.94772,4510.0,343.97568900000005
,11.041666666666666,38.949604,115.9547,4510.0,337.75604100000004
,11.042777777777777,38.952694,115.962395,4510.0,364.28672700000004
,11.043888888888889,38.95578,115.969734,4510.0,350.924202
,11.045,38.958588,115.97707,4510.0,343.927098
,11.046111111111111,38.961395,115.984406,4510.0,343.878507
,11.047222222222222,38.964203,115.99211,4510.0,357.872715
,11.04861111111111,38.96729,115.999084,4510.0,337.51308600000004
,11.049722222222222,38.97038,116.00605,4510.0,337.27013100000005
,11.050833333333333,38.973186,116.013756,4510.0,357.8241240000001
,11.051944444444445,38.976555,116.02146,4510.0,371.72115
,11.053055555555556,38.979362,116.02917,4510.0,358.01848800000005
,11.054166666666667,38.98217,116.036865,4510.0,357.4353960000001
,11.055555555555557,38.98554,116.044205,4510.0,358.45580700000005
,11.056666666666667,38.988064,116.051544,4510.0,337.41590400000007
,11.057777777777778,38.991154,116.05924,4510.0,364.18954500000007
,11.05888888888889,38.99424,116.06658,4510.0,350.82702
,11.06,38.997047,116.07429,4510.0,357.9213060000001
,11.061111111111112,38.999855,116.08163,4510.0,343.927098
,11.062222222222223,39.003223,116.08896,4510.0,357.969897
,11.063611111111111,39.00631,116.09593,4510.0,337.22154
,11.064722222222223,39.0094,116.103264,4510.0,350.68124700000004
,11.065833333333334,39.012207,116.1106,4510.0,343.68414300000006
,11.066944444444443,39.015293,116.11831,4510.0,364.529682
,11.068055555555555,39.0181,116.125275,4510.0,329.73852600000004
,11.069166666666666,39.02091,116.13298,4510.0,357.726942
,11.070555555555556,39.023716,116.140686,4510.0,357.62976000000003
,11.071666666666667,39.026806,116.148026,4510.0,350.82702
,11.072777777777777,39.029892,116.15499,4510.0,336.88140300000003
,11.073888888888888,39.0327,116.161964,4510.0,330.078663
,11.075,39.035507,116.16893,4510.0,329.73852600000004
,11.07611111111111,39.038315,116.1759,4510.0,329.884299
,11.0775,39.041122,116.18251,4510.0,316.52177400000005
,11.07861111111111,39.043648,116.18911,4510.0,309.13594200000006
,11.079722222222221,39.046173,116.19534,4510.0,295.238916
,11.080833333333333,39.04898,116.20195,4510.0,316.473183
,11.081944444444444,39.05151,116.20855,4510.0,309.184533
,11.083055555555555,39.053753,116.21516,4510.0,303.013476
,11.084444444444445,39.056282,116.221756,4510.0,308.99016900000004
,11.085555555555556,39.059086,116.22836,4510.0,316.13304600000004
,11.086666666666668,39.061615,116.23423,4510.0,281.973573
,11.087777777777779,39.064423,116.24047,4510.0,302.916294
,11.08888888888889,39.06723,116.24744,4510.0,329.73852600000004
,11.09,39.069473,116.25331,4510.0,274.733514
,11.09138888888889,39.072002,116.259544,4510.0,295.38468900000004
,11.092500000000001,39.074528,116.26615,4510.0,309.23312400000003
,11.093611111111112,39.077335,116.272385,4510.0,302.67333900000006
,11.094722222222222,39.07986,116.27936,4510.0,323.17874100000006
,11.095833333333333,39.081825,116.28669,4510.0,325.60829100000007
,11.096944444444444,39.084633,116.292564,4510.0,289.650951
,11.098055555555556,39.08744,116.2988,4510.0,302.67333900000006
,11.099444444444446,39.09025,116.30503,4510.0,302.52756600000004
,11.100555555555555,39.093056,116.31164,4510.0,316.27881900000006
,11.101666666666667,39.095863,116.31824,4510.0,315.93868200000003
,11.102777777777778,39.09811,116.32594,4510.0,345.33623700000004
,11.10388888888889,39.101196,116.33144,4510.0,284.88903300000004
,11.105,39.10372,116.33842,4510.0,323.22733200000005
,11.106388888888889,39.10653,116.34502,4510.0,315.987273
,11.1075,39.10906,116.35162,4510.0,308.99016900000004
,11.108611111111111,39.1113,116.3586,4510.0,317.007684
,11.109722222222222,39.11383,116.3652,4510.0,308.94157800000005
,11.110833333333334,39.11664,116.3718,4510.0,315.93868200000003
,11.111944444444443,39.119164,116.3784,4510.0,308.795805
,11.113333333333333,39.12197,116.38501,4510.0,316.181637
,11.114444444444445,39.12478,116.39161,4510.0,315.93868200000003
,11.115555555555556,39.127586,116.39711,4510.0,276.239835
,11.116666666666667,39.13039,116.40408,4510.0,329.44698000000005
,11.117777777777778,39.133198,116.41105,4510.0,329.54416200000003
,11.11888888888889,39.135727,116.417656,4510.0,309.087351
,11.120277777777778,39.138535,116.42463,4510.0,329.689935
,11.12138888888889,39.14106,116.431595,4510.0,322.547058
,11.1225,39.143867,116.4382,4510.0,315.987273
,11.123611111111112,39.146393,116.44553,4510.0,336.492675
,11.124722222222223,39.14892,116.45214,4510.0,309.13594200000006
,11.125833333333334,39.151447,116.45874,4510.0,308.74721400000004
,11.126944444444446,39.153973,116.46608,4510.0,336.83281200000005
,11.128333333333334,39.156498,116.47269,4510.0,309.087351
,11.129444444444445,39.159306,116.47929,4510.0,315.7443180000001
,11.130555555555556,39.162113,116.48589,4510.0,315.69572700000003
,11.131666666666668,39.16464,116.49286,4510.0,322.69283100000007
,11.132777777777779,39.167446,116.499466,4510.0,315.89009100000004
,11.133888888888889,39.170254,116.5057,4510.0,302.333202
,11.135277777777777,39.172783,116.51231,4510.0,309.087351
,11.136388888888888,39.17531,116.518906,4510.0,308.504259
,11.1375,39.177834,116.52551,4510.0,308.74721400000004
,11.13861111111111,39.180363,116.532845,4510.0,336.589857
,11.139722222222222,39.183167,116.53945,4510.0,315.7443180000001
,11.140833333333333,39.185974,116.54605,4510.0,315.64713600000005
,11.142222222222221,39.18878,116.55266,4510.0,315.987273
,11.143333333333333,39.19187,116.55889,4510.0,310.10776200000004
,11.144444444444444,39.194958,116.5655,4510.0,323.5674690000001
,11.145555555555555,39.198048,116.571365,4510.0,297.279738
,11.146666666666667,39.201977,116.5765,4510.0,302.47897500000005
,11.147777777777778,39.205906,116.581635,4510.0,302.47897500000005
,11.149166666666666,39.209557,116.58677,4510.0,292.080501
,11.150277777777777,39.213768,116.59117,4510.0,293.052321
,11.151388888888889,39.21882,116.59484,4510.0,313.557723
,11.1525,39.22303,116.59778,4510.0,258.892848
,11.153611111111111,39.22724,116.60145,4510.0,274.782105
,11.154722222222222,39.231453,116.60585,4480.0,293.10091200000005
,11.155833333333334,39.235943,116.60952,4480.0,287.46435600000007
,11.157222222222222,39.240154,116.613556,4450.0,283.674258
,11.158333333333333,39.244648,116.61612,4450.0,265.74417900000003
,11.159444444444444,39.249138,116.61979,4420.0,287.415765
,11.160555555555556,39.25335,116.62346,4390.0,274.83069600000005
,11.161666666666667,39.25728,116.62713,4390.0,262.34280900000005
,11.162777777777778,39.26149,116.63079,4360.0,274.490559
,11.164166666666667,39.26542,116.63483,4360.0,271.67228100000005
,11.165277777777778,39.26907,116.63813,4330.0,241.01136
,11.16638888888889,39.273,116.6418,4330.0,262.294218
,11.167499999999999,39.27693,116.64547,4300.0,262.294218
,11.16861111111111,39.28086,116.64914,4300.0,262.294218
,11.169722222222221,39.28479,116.6528,4270.0,262.051263
,11.171111111111111,39.28872,116.65647,4270.0,262.294218
,11.172222222222222,39.29237,116.66014,4240.0,250.14646800000006
,11.173333333333332,39.29602,116.66381,4240.0,250.14646800000006
,11.174444444444443,39.29995,116.66675,4180.0,245.62750499999999
,11.175555555555555,39.3036,116.67041,4150.0,249.90351300000003
,11.176666666666666,39.30753,116.67408,4150.0,262.245627
,11.178055555555554,39.31118,116.67738,4110.0,240.962769
,11.179166666666665,39.31511,116.68105,4080.0,262.245627
,11.180277777777777,39.31876,116.68436,4050.0,241.15713300000002
,11.181388888888888,39.32269,116.68802,4050.0,262.002672
,11.1825,39.32662,116.69169,4020.0,262.245627
,11.18361111111111,39.329987,116.69499,3990.0,228.57206400000004
,11.184722222222222,39.333916,116.69866,3960.0,262.197036
,11.186111111111112,39.337566,116.701965,3960.0,241.059951
,11.187222222222223,39.341217,116.70563,3930.0,250.000695
,11.188333333333334,39.344868,116.70893,3900.0,240.962769
,11.189444444444444,39.348515,116.7126,3870.0,249.95210400000002
,11.190555555555555,39.352165,116.71627,3840.0,250.09787700000004
,11.191666666666666,39.355816,116.719574,3810.0,241.059951
,11.193055555555556,39.359463,116.72287,3780.0,240.67122300000005
,11.194166666666668,39.363113,116.72617,3750.0,240.865587
,11.195277777777777,39.366764,116.72984,3720.0,250.09787700000004
,11.196388888888889,39.37041,116.73315,3660.0,240.962769
,11.1975,39.37406,116.73682,3630.0,250.049286
,11.198611111111111,39.377712,116.74011,3600.0,240.71981400000004
,11.2,39.38136,116.74415,3500.0,259.767486
,11.20111111111111,39.38501,116.74855,3500.0,269.87441400000006
,11.202222222222222,39.38866,116.75295,3470.0,269.82582300000007
,11.203333333333333,39.391468,116.75809,3440.0,263.120265
,11.204444444444444,39.393993,116.76323,3400.0,254.61684000000002
,11.205555555555556,39.395676,116.7691,3370.0,261.711126
,11.206944444444444,39.397644,116.77533,3340.0,281.34189
,11.208055555555555,39.39961,116.781204,3310.0,267.590637
,11.209166666666667,39.401573,116.78707,3310.0,267.20190900000006
,11.210277777777778,39.403538,116.79294,3280.0,267.396273
,11.211388888888887,39.405785,116.79881,3280.0,273.810285
,11.212499999999999,39.40775,116.80431,3280.0,253.256292
,11.21361111111111,39.409714,116.80945,3280.0,239.65081200000006
,11.215,39.41196,116.81458,3280.0,246.40496100000001
,11.216111111111111,39.414204,116.81972,3280.0,246.74509800000004
,11.217222222222222,39.41617,116.82449,3250.0,225.94815000000003
,11.218333333333334,39.418415,116.82926,3220.0,233.382573
,11.219444444444445,39.42038,116.83403,3190.0,225.899559
,11.220555555555556,39.422626,116.8388,3160.0,233.43116400000002
,11.221944444444444,39.42459,116.84393,3130.0,239.21349300000003
,11.223055555555556,39.426556,116.84907,3130.0,239.65081200000006
,11.224166666666667,39.428802,116.853836,3100.0,233.28539100000003
,11.225277777777778,39.43105,116.858604,3070.0,233.382573
,11.22638888888889,39.433014,116.86337,3040.0,225.70519500000003
,11.227500000000001,39.43526,116.868515,3040.0,246.89087100000003
,11.22888888888889,39.437225,116.87292,3010.0,212.53703400000003
,11.23,39.43947,116.877686,3010.0,233.188209
,11.231111111111112,39.441715,116.882454,3010.0,233.28539100000003
,11.232222222222223,39.443962,116.88722,3010.0,233.23680000000002
,11.233333333333333,39.445927,116.89199,3010.0,225.80237700000004
,11.234444444444444,39.44789,116.89676,3010.0,225.75378600000002
,11.235833333333332,39.450138,116.90116,3010.0,220.36018500000003
,11.236944444444443,39.452103,116.90483,3010.0,186.540849
,11.238055555555555,39.45435,116.909966,3010.0,246.550734
,11.239166666666666,39.456593,116.91583,3010.0,273.32437500000003
,11.240277777777777,39.45884,116.920235,3010.0,220.505958
,11.241388888888888,39.46137,116.92574,3010.0,267.542046
,11.2425,39.464172,116.92977,3010.0,226.48265100000003
,11.243888888888888,39.467545,116.93417,3010.0,258.941439
,11.245,39.470913,116.93711,3010.0,219.679911
,11.24611111111111,39.47428,116.94005,3010.0,219.63132000000002
,11.247222222222222,39.47821,116.942245,3010.0,231.487524
,11.248333333333333,39.48186,116.944084,3010.0,211.85676
,11.249444444444444,39.48579,116.94445,3010.0,213.12012600000003
,11.250833333333333,39.49,116.94518,2980.0,229.738248
,11.251944444444444,39.49393,116.94628,2980.0,217.493316
,11.253055555555555,39.49786,116.94628,2980.0,212.58562500000002
,11.254166666666666,39.502354,116.947014,2950.0,244.995822
,11.255277777777778,39.505722,116.94812,2920.0,187.94998800000002
,11.256388888888889,39.50937,116.94922,2920.0,202.57587900000001
,11.257777777777777,39.51302,116.949585,2920.0,198.008325
,11.258888888888889,39.51667,116.95068,2860.0,202.67306100000005
,11.26,39.52032,116.951416,2860.0,199.806192
,11.261111111111111,39.52425,116.95178,2800.0,213.12012600000003
,11.262222222222222,39.527897,116.952156,2730.0,197.911143
,11.263333333333334,39.53127,116.952156,2700.0,182.459205
,11.264722222222222,39.534637,116.952156,2700.0,182.119068
,11.265833333333333,39.538284,116.95178,2670.0,197.911143
,11.266944444444444,39.541935,116.95178,2640.0,197.473824
,11.268055555555556,39.545864,116.952156,2610.0,213.12012600000003
,11.269166666666667,39.549515,116.95252,2580.0,198.05691600000003
,11.270277777777778,39.553165,116.95252,2580.0,197.42523300000002
,11.27138888888889,39.556812,116.95252,2550.0,197.27946000000003
,11.272777777777778,39.560463,116.95289,2520.0,198.10550700000002
,11.273888888888889,39.564392,116.95289,2490.0,212.53703400000003
,11.275,39.568043,116.953255,2460.0,198.05691600000003
,11.276111111111112,39.571693,116.95362,2460.0,198.008325
,11.277222222222223,39.575623,116.95399,2430.0,213.12012600000003
,11.278333333333334,39.579273,116.95435,2430.0,198.008325
,11.279722222222222,39.58292,116.95399,2430.0,197.86255200000002
,11.280833333333334,39.58629,116.95399,2430.0,182.264841
,11.281944444444445,39.58994,116.95399,2430.0,197.42523300000002
,11.283055555555556,39.59359,116.95435,2430.0,198.008325
,11.284166666666666,39.597237,116.95435,2430.0,197.27946000000003
,11.285277777777777,39.600887,116.95472,2430.0,198.05691600000003
,11.286666666666667,39.604538,116.955086,2430.0,198.05691600000003
,11.287777777777778,39.608185,116.95545,2430.0,197.86255200000002
,11.28888888888889,39.611835,116.95545,2430.0,197.42523300000002
,11.29,39.615486,116.95582,2430.0,198.10550700000002
,11.29111111111111,39.618855,116.956184,2430.0,182.847933
,11.292222222222222,39.6225,116.95582,2430.0,197.76537
,11.293611111111112,39.626434,116.95582,2430.0,212.77998900000003
,11.294722222222221,39.63008,116.95582,2430.0,197.230869
,11.295833333333333,39.63373,116.956184,2430.0,198.008325
,11.296944444444444,39.637383,116.956184,2430.0,197.61959700000003
,11.298055555555555,39.64103,116.956184,2430.0,197.27946000000003
,11.299166666666666,39.644398,116.95656,2430.0,182.847933
,11.300277777777778,39.64833,116.956924,2430.0,213.21730800000003
,11.301666666666668,39.651978,116.956184,2430.0,199.70901
,11.302777777777779,39.65591,116.95582,2430.0,213.21730800000003
,11.30388888888889,39.65928,116.95582,2430.0,182.264841
,11.305000000000001,39.662926,116.95582,2430.0,197.230869
,11.306111111111111,39.666576,116.956184,2400.0,198.008325
,11.307222222222222,39.669945,116.956184,2370.0,182.21625
,11.308611111111112,39.673595,116.956184,2340.0,197.42523300000002
,11.309722222222224,39.676964,116.956184,2340.0,182.21625
,11.310833333333335,39.680332,116.95656,2310.0,182.847933
,11.311944444444444,39.683983,116.95656,2280.0,197.473824
,11.313055555555556,39.68735,116.95656,2250.0,182.119068
,11.314166666666667,39.690998,116.956924,2220.0,197.911143
,11.315555555555557,39.69437,116.956924,2190.0,182.410614
,11.316666666666666,39.698017,116.95729,2190.0,197.86255200000002
,11.317777777777778,39.701668,116.956924,2160.0,198.05691600000003
,11.318888888888889,39.705036,116.956924,2120.0,182.16765900000004
,11.32,39.708687,116.956924,2090.0,197.473824
,11.321111111111112,39.712334,116.956924,2060.0,197.27946000000003
,11.3225,39.715984,116.956924,2060.0,197.42523300000002
,11.323611111111111,39.719353,116.956924,2060.0,182.21625
,11.324722222222222,39.723003,116.956924,2030.0,197.42523300000002
,11.325833333333334,39.72665,116.956924,2000.0,197.27946000000003
,11.326944444444445,39.7303,116.956924,1970.0,197.42523300000002
,11.328055555555554,39.73395,116.956924,1940.0,197.42523300000002
,11.329166666666666,39.737602,116.956924,1910.0,197.522415
,11.330555555555556,39.74125,116.956184,1880.0,199.70901
,11.331666666666667,39.7449,116.956184,1850.0,197.42523300000002
,11.332777777777778,39.74855,116.95582,1850.0,198.008325
,11.33388888888889,39.752197,116.956184,1820.0,197.86255200000002
,11.335,39.755566,116.956184,1790.0,182.21625
,11.336111111111112,39.758934,116.956184,1790.0,182.16765900000004
,11.3375,39.762585,116.956184,1760.0,197.473824
,11.338611111111112,39.765953,116.956184,1760.0,182.16765900000004
,11.339722222222223,39.769604,116.95656,1730.0,198.10550700000002
,11.340833333333334,39.772972,116.956924,1730.0,182.799342
,11.341944444444445,39.776623,116.95729,1700.0,198.05691600000003
,11.343055555555557,39.77999,116.95729,1670.0,182.119068
,11.344444444444445,39.78336,116.95729,1670.0,182.264841
,11.345555555555556,39.786728,116.95766,1640.0,182.847933
,11.346666666666668,39.790096,116.95802,1610.0,182.799342
,11.347777777777779,39.793465,116.95839,1580.0,182.896524
,11.34888888888889,39.796833,116.95802,1550.0,182.847933
,11.35,39.799923,116.95802,1510.0,167.15304
,11.351388888888888,39.80329,116.95729,1450.0,184.6458
,11.3525,39.8061,116.956184,1420.0,158.795388
,11.35361111111111,39.808903,116.95362,1390.0,185.326074
,11.354722222222222,39.81143,116.95032,1360.0,193.63513500000005
,11.355833333333333,39.813114,116.947014,1330.0,164.82067200000003
,11.356944444444444,39.81424,116.94298,1300.0,178.32897000000003
,11.358055555555556,39.814518,116.93895,1270.0,168.12486
,11.359444444444444,39.81508,116.93491,1270.0,170.603001
,11.360555555555555,39.813957,116.931244,1240.0,163.994625
,11.361666666666666,39.811993,116.927574,1210.0,185.860575
,11.362777777777778,39.81059,116.92354,1210.0,184.014117
,11.363888888888889,39.810307,116.91877,1210.0,198.78578100000001
,11.365,39.80722,116.9151,1180.0,226.142514
,11.366388888888888,39.80301,116.91327,1150.0,240.08813100000003
,11.3675,39.79852,116.91216,1120.0,247.23100800000003
,11.368611111111111,39.79487,116.91033,1090.0,211.56521400000003
,11.369722222222222,39.79178,116.908134,1060.0,190.42812900000004
,11.370833333333334,39.788692,116.90556,1030.0,198.348462
,11.371944444444445,39.785885,116.90299,1000.0,185.666211
,11.373333333333333,39.783077,116.900795,970.0,177.162786
,11.374444444444444,39.77999,116.89786,940.0,206.803296
,11.375555555555556,39.777462,116.895294,940.0,173.421279
,11.376666666666667,39.774654,116.89272,940.0,185.81198400000002
,11.377777777777778,39.77213,116.890526,940.0,164.188989
,11.37888888888889,39.76932,116.887955,940.0,185.81198400000002
,11.380277777777778,39.766514,116.88538,940.0,185.763393
,11.381388888888889,39.763428,116.88209,940.0,215.79263100000003
,11.3825,39.76062,116.87915,940.0,194.995683
,11.38361111111111,39.758373,116.877686,940.0,135.957618
,11.384722222222221,39.755848,116.875114,940.0,173.46987000000001
,11.385833333333332,39.75304,116.87218,940.0,194.801319
,11.386944444444444,39.750233,116.86888,940.0,204.66529200000005
,11.388333333333334,39.747707,116.86631,940.0,173.46987000000001
,11.389444444444443,39.74518,116.86374,940.0,173.518461
,11.390555555555554,39.742653,116.86081,940.0,183.13947900000002
,11.391666666666666,39.739567,116.857506,940.0,216.22995000000003
,11.392777777777777,39.73676,116.8542,940.0,204.85965600000003
,11.393888888888888,39.73423,116.85164,940.0,173.421279
,11.395277777777777,39.731987,116.8487,940.0,172.255095
,11.396388888888888,39.729458,116.84613,940.0,173.615643
,11.397499999999999,39.72665,116.8432,940.0,194.752728
,11.39861111111111,39.723846,116.84026,940.0,194.84991000000002
,11.399722222222222,39.721317,116.83696,940.0,193.829499
,11.400833333333333,39.71851,116.83403,940.0,194.704137
,11.402222222222223,39.715984,116.831825,940.0,164.577717
,11.403333333333334,39.71346,116.828896,940.0,182.993706
,11.404444444444445,39.711494,116.82596,940.0,161.953803
,11.405555555555557,39.709526,116.82229,940.0,186.15212100000002
,11.406666666666666,39.708126,116.81789,940.0,198.154098
,11.407777777777778,39.706722,116.813484,940.0,198.44564400000002
,11.408888888888889,39.706722,116.80908,940.0,183.28525199999999
,11.410277777777779,39.707,116.80431,940.0,199.07732700000003
,11.411388888888888,39.707283,116.79918,940.0,214.04335500000002
,11.4125,39.707,116.79514,940.0,168.805134
,11.413611111111111,39.707,116.79111,940.0,167.68754100000004
,11.414722222222222,39.706722,116.786705,940.0,183.916935
,11.415833333333333,39.70644,116.78267,940.0,168.61077
,11.417222222222222,39.706158,116.77827,940.0,183.72257100000002
,11.418333333333333,39.70588,116.7746,940.0,153.45037800000003
,11.419444444444444,39.70532,116.770195,940.0,185.81198400000002
,11.420555555555556,39.705036,116.76689,940.0,138.387168
,11.421666666666667,39.704754,116.76286,940.0,168.41640600000002
,11.422777777777776,39.704475,116.75883,940.0,168.367815
,11.424166666666666,39.704193,116.754425,940.0,183.965526
,11.425277777777778,39.703915,116.75039,940.0,168.61077
,11.426388888888889,39.70335,116.74635,940.0,170.89454700000002
,11.4275,39.70307,116.74195,940.0,183.72257100000002
,11.42861111111111,39.70279,116.737915,940.0,168.61077
,11.429722222222221,39.70307,116.734245,940.0,153.49896900000002
,11.431111111111111,39.70307,116.72948,940.0,198.29987100000002
,11.432222222222222,39.703915,116.72544,940.0,174.247326
,11.433333333333334,39.70588,116.721405,940.0,198.73719
,11.434444444444445,39.708687,116.7181,940.0,204.85965600000003
,11.435555555555556,39.71065,116.714806,940.0,173.372688
,11.436666666666667,39.713737,116.7126,940.0,190.52531100000002
,11.437777777777779,39.716827,116.71077,940.0,183.67398
,11.439166666666667,39.720196,116.70966,940.0,187.99857900000003
,11.440277777777778,39.72328,116.707466,940.0,190.136583
,11.44138888888889,39.72609,116.70526,940.0,177.55151400000003
,11.4425,39.72862,116.703064,940.0,164.52912600000002
,11.443611111111112,39.731426,116.701225,940.0,169.97131800000002
,11.444722222222222,39.73423,116.69903,940.0,177.01701300000002
,11.446111111111112,39.73676,116.6972,940.0,156.60879300000002
,11.447222222222223,39.739567,116.69536,940.0,170.01990899999998
,11.448333333333334,39.742092,116.69426,940.0,144.02372400000002
,11.449444444444445,39.744617,116.69132,940.0,183.33384300000003
,11.450555555555555,39.747425,116.68949,940.0,169.87413600000005
,11.451666666666666,39.74995,116.68765,940.0,156.560202
,11.453055555555554,39.75248,116.68582,940.0,156.60879300000002
,11.454166666666666,39.755287,116.68399,940.0,169.82554499999998
,11.455277777777777,39.758095,116.681786,940.0,177.405741
,11.456388888888888,39.760902,116.679955,940.0,169.87413600000005
,11.4575,39.763428,116.67775,940.0,164.52912600000002
,11.45861111111111,39.765953,116.67555,940.0,164.383353
,11.459999999999999,39.76848,116.67335,940.0,164.48053500000003
,11.46111111111111,39.771286,116.67115,940.0,177.21137700000003
,11.462222222222222,39.773815,116.66931,940.0,156.754566
,11.463333333333333,39.77634,116.667114,940.0,164.28617100000002
,11.464444444444444,39.77915,116.665276,940.0,170.11709100000004
,11.465555555555556,39.781956,116.663445,940.0,169.77695400000002
,11.466666666666667,39.78504,116.66308,940.0,167.49317700000003
,11.468055555555555,39.78813,116.662346,940.0,169.92272700000004
,11.469166666666666,39.79094,116.66124,940.0,158.795388
,11.470277777777778,39.794308,116.66051,940.0,184.694391
,11.471388888888889,39.797394,116.66014,940.0,167.63895000000002
,11.4725,39.800762,116.659775,940.0,182.799342
,11.473611111111111,39.803852,116.65941,940.0,167.83331400000003
,11.475,39.80694,116.658676,940.0,169.77695400000002
,11.476111111111111,39.810307,116.65831,940.0,182.750751
,11.477222222222222,39.813114,116.65758,940.0,154.81092600000002
,11.478333333333333,39.816204,116.6572,940.0,167.88190500000002
,11.479444444444445,39.81929,116.65684,940.0,167.590359
,11.480555555555556,39.82238,116.656105,940.0,169.92272700000004
,11.481944444444444,39.825466,116.65537,940.0,169.67977200000004
,11.483055555555556,39.828274,116.65464,940.0,154.908108
,11.484166666666665,39.83108,116.654274,940.0,152.527149
,11.485277777777776,39.83445,116.65391,940.0,182.896524
,11.486388888888888,39.83754,116.65391,940.0,167.15304
,11.487499999999999,39.840347,116.6528,940.0,158.698206
,11.488888888888889,39.842873,116.65207,940.0,139.94208
,11.489999999999998,39.84512,116.65134,940.0,125.267598
,11.49111111111111,39.848206,116.65134,940.0,166.91008500000004
,11.492222222222221,39.85073,116.65134,940.0,136.54071000000002
,11.493333333333332,39.85326,116.65024,940.0,144.266679
,11.494444444444444,39.855785,116.649506,940.0,139.94208
,11.495555555555555,39.858593,116.64914,940.0,152.624331
,11.496944444444443,39.86112,116.64914,940.0,136.686483
,11.498055555555554,39.863926,116.64914,940.0,151.79828400000002
,11.499166666666666,39.866455,116.6484,940.0,140.185035
,11.500277777777777,39.8687,116.64803,940.0,122.40072900000001
,11.501388888888888,39.871227,116.64803,940.0,136.686483
,11.5025,39.873753,116.64767,940.0,137.463939
,11.50388888888889,39.876278,116.6473,940.0,137.463939
,11.505,39.878803,116.64657,940.0,139.89348900000002
,11.50611111111111,39.88161,116.6462,940.0,152.624331
,11.507222222222222,39.88414,116.645836,940.0,137.65830300000002
,11.508333333333333,39.886665,116.64547,940.0,137.41534800000002
,11.509444444444444,39.88919,116.64474,940.0,139.89348900000002
,11.510833333333334,39.89172,116.644,940.0,140.23362600000002
,11.511944444444444,39.893963,116.64363,940.0,122.303547
,11.513055555555555,39.89677,116.64363,940.0,151.846875
,11.514166666666666,39.899017,116.6429,940.0,125.267598
,11.515277777777778,39.901264,116.642166,940.0,125.31618900000002
,11.516388888888889,39.90435,116.642166,940.0,166.91008500000004
,11.517777777777779,39.907158,116.642166,940.0,151.895466
,11.51888888888889,39.909405,116.6418,940.0,122.497911
,11.520000000000001,39.91165,116.64107,940.0,125.17041600000002
,11.521111111111113,39.913895,116.640335,910.0,125.219007
,11.522222222222224,39.91614,116.63997,910.0,122.35213800000002
,11.523333333333333,39.918106,116.63923,870.0,110.69029800000001
,11.524444444444445,39.920914,116.639595,870.0,152.624331
,11.525833333333335,39.92316,116.63886,840.0,125.267598
,11.526944444444446,39.925404,116.6385,840.0,122.303547
,11.528055555555556,39.92765,116.637764,810.0,125.267598
,11.529166666666667,39.930458,116.63813,810.0,152.624331
,11.530277777777778,39.932705,116.637764,780.0,122.497911
,11.53138888888889,39.93495,116.6374,780.0,122.35213800000002
,11.53277777777778,39.937195,116.6374,750.0,121.428909
,11.533888888888889,39.93916,116.63703,750.0,107.38611000000002
,11.535,39.94169,116.636665,720.0,137.706894
,11.536111111111111,39.944214,116.6363,720.0,137.366757
,11.537222222222223,39.94646,116.6363,720.0,121.4775
,11.538333333333334,39.948425,116.63593,690.0,107.38611000000002
,11.539722222222222,39.950672,116.63483,690.0,129.835152
,11.540833333333333,39.953197,116.634094,660.0,139.94208
,11.541944444444445,39.955723,116.634094,660.0,136.63789200000002
,11.543055555555556,39.958252,116.63373,630.0,137.609712
,11.544166666666667,39.960495,116.63373,630.0,121.33172700000001
,11.545277777777777,39.96274,116.63336,630.0,122.40072900000001
,11.546666666666667,39.96499,116.632996,600.0,122.64368400000002
,11.547777777777778,39.96723,116.63263,600.0,122.10918300000002
,11.54888888888889,39.9692,116.63226,570.0,107.67765600000001
,11.55,39.971443,116.63153,570.0,125.024643
,11.551111111111112,39.97369,116.63153,540.0,121.52609100000001
,11.552222222222223,39.975937,116.631165,540.0,122.497911
,11.553333333333335,39.97818,116.63079,540.0,122.303547
,11.554722222222223,39.980427,116.63006,510.0,125.267598
,11.555833333333334,39.982674,116.62969,480.0,122.497911
,11.556944444444445,39.98492,116.629326,480.0,122.40072900000001
,11.558055555555557,39.987164,116.62896,450.0,122.303547
,11.559166666666668,39.989132,116.62859,450.0,107.53188300000001
,11.56027777777778,39.991375,116.62859,450.0,121.33172700000001
,11.561666666666667,39.99362,116.62823,420.0,122.35213800000002
,11.562777777777779,39.995586,116.62786,420.0,107.434701
,11.56388888888889,39.99811,116.627495,390.0,137.366757
,11.565000000000001,40.00036,116.62713,390.0,122.64368400000002
,11.566111111111113,40.002323,116.62676,390.0,107.28892800000001
,11.567222222222222,40.00457,116.62639,360.0,122.497911
,11.56861111111111,40.007095,116.62602,360.0,137.41534800000002
,11.569722222222222,40.009624,116.62602,330.0,136.78366499999998
,11.570833333333333,40.011868,116.625656,330.0,122.303547
,11.571944444444444,40.014114,116.62492,330.0,125.267598
,11.573055555555555,40.01636,116.62492,300.0,121.4775
,11.574166666666667,40.01861,116.62456,300.0,122.59509300000002
,11.575555555555555,40.02085,116.62419,270.0,122.10918300000002
,11.576666666666666,40.023098,116.623825,270.0,122.546502
,11.577777777777778,40.025345,116.62346,270.0,122.497911
,11.578888888888889,40.02787,116.62309,230.0,137.41534800000002
,11.58,40.030117,116.62273,230.0,122.44932000000001
,11.581111111111111,40.03236,116.62273,200.0,121.33172700000001
,11.582222222222223,40.034607,116.62236,170.0,122.497911
,11.58361111111111,40.036854,116.62199,170.0,122.497911
,11.584722222222222,40.038536,116.62162,170.0,92.27430900000002
,11.585833333333333,40.041344,116.621254,140.0,152.624331
,11.586944444444445,40.04331,116.62089,140.0,107.38611000000002
,11.588055555555556,40.045837,116.62052,110.0,137.561121
,11.589166666666667,40.048084,116.620155,110.0,122.497911
,11.590555555555556,40.050327,116.61979,110.0,122.254956
,11.591666666666667,40.052856,116.61942,80.0,137.65830300000002
,11.592777777777778,40.0551,116.61906,80.0,122.303547
