423,CCA969054,B763,D,ZBAA,WSSS,18L       
,18.105555555555558,40.04247,116.603645,470.0,202.381515
,18.106944444444444,40.03938,116.603645,530.0,167.15304
,18.108055555555556,40.035732,116.60401,620.0,197.911143
,18.109166666666667,40.032925,116.60401,680.0,151.846875
,18.110277777777778,40.029556,116.60438,710.0,182.896524
,18.11138888888889,40.025906,116.60438,740.0,197.42523300000002
,18.1125,40.022255,116.60475,740.0,198.05691600000003
,18.11388888888889,40.018887,116.60438,770.0,182.799342
,18.115000000000002,40.014675,116.60512,770.0,229.88402100000002
,18.116111111111113,40.010746,116.605484,830.0,213.071535
,18.11722222222222,40.006535,116.60585,870.0,228.28051800000003
,18.118333333333332,40.002323,116.60658,930.0,229.83543
,18.119444444444444,39.99811,116.60695,960.0,228.37770000000003
,18.120555555555555,39.994183,116.60768,1020.0,214.57785600000003
,18.121944444444445,39.98997,116.60805,1080.0,228.37770000000003
,18.123055555555556,39.98548,116.60841,1110.0,243.34372800000003
,18.124166666666667,39.98127,116.60878,1140.0,228.23192700000004
,18.12527777777778,39.97678,116.60841,1170.0,243.34372800000003
,18.12638888888889,39.972008,116.60878,1200.0,258.60130200000003
,18.1275,39.96667,116.60805,1260.0,290.331225
,18.128888888888888,39.9619,116.60805,1350.0,258.01821000000007
,18.13,39.957127,116.60768,1410.0,258.649893
,18.13111111111111,39.952076,116.607315,1470.0,273.615921
,18.13222222222222,39.947582,116.60695,1540.0,243.538092
,18.133333333333333,39.94281,116.60658,1600.0,258.60130200000003
,18.134444444444444,39.938038,116.60585,1630.0,259.91325900000004
,18.135833333333334,39.932983,116.60475,1660.0,277.21165500000006
,18.136944444444445,39.92821,116.60328,1690.0,265.25826900000004
,18.138055555555557,39.92344,116.601814,1720.0,265.06390500000003
,18.139166666666664,39.918667,116.60035,1750.0,265.209678
,18.140277777777776,39.914177,116.59924,1750.0,247.18241700000004
,18.141388888888887,39.909405,116.59778,1780.0,265.112496
,18.142777777777777,39.90491,116.597046,1780.0,245.044413
,18.14388888888889,39.90014,116.59557,1780.0,265.161087
,18.145,39.895367,116.59484,1780.0,259.96185
,18.14611111111111,39.890594,116.59374,1780.0,262.197036
,18.147222222222222,39.885822,116.59264,1810.0,262.148445
,18.148333333333333,39.881332,116.59117,1810.0,250.438014
,18.149444444444445,39.87684,116.59007,1840.0,247.23100800000003
,18.15083333333333,39.87235,116.58934,1840.0,244.75286700000004
,18.151944444444442,39.867577,116.58861,1840.0,259.96185
,18.153055555555554,39.862522,116.587875,1870.0,275.122242
,18.154166666666665,39.85747,116.58751,1900.0,273.71310300000005
,18.155277777777776,39.8527,116.58677,1900.0,259.816077
,18.156388888888888,39.847927,116.58604,1930.0,259.96185
,18.157777777777778,39.842873,116.58567,1960.0,273.810285
,18.15888888888889,39.8381,116.58494,1960.0,259.96185
,18.16,39.833046,116.58457,1990.0,273.810285
,18.16111111111111,39.827995,116.58384,2020.0,274.87928700000003
,18.16222222222222,39.82294,116.58347,2050.0,273.858876
,18.16333333333333,39.81817,116.58311,2080.0,258.45552900000007
,18.16472222222222,39.813114,116.58311,2120.0,273.470148
,18.16583333333333,39.808064,116.58274,2120.0,273.615921
,18.166944444444447,39.80329,116.58237,2120.0,258.698484
,18.168055555555558,39.798237,116.582,2120.0,273.76169400000003
,18.16916666666667,39.793182,116.581635,2120.0,273.858876
,18.17027777777778,39.78813,116.58127,2120.0,273.71310300000005
,18.171666666666667,39.78336,116.5809,2120.0,258.45552900000007
,18.172777777777778,39.778305,116.580536,2120.0,273.858876
,18.17388888888889,39.77325,116.58017,2120.0,273.858876
,18.175,39.7682,116.5798,2120.0,273.615921
,18.176111111111112,39.763428,116.57944,2120.0,258.55271100000004
,18.177222222222223,39.758656,116.57907,2120.0,258.60130200000003
,18.178333333333335,39.7536,116.578705,2120.0,273.907467
,18.179722222222225,39.74883,116.57834,2120.0,258.45552900000007
,18.180833333333336,39.744057,116.577965,2120.0,258.649893
,18.181944444444447,39.739002,116.57723,2120.0,275.122242
,18.18305555555556,39.73395,116.57723,2120.0,273.27578400000004
,18.184166666666666,39.729458,116.5765,2120.0,244.850049
,18.185277777777777,39.724407,116.5765,2120.0,273.227193
,18.186666666666667,39.719635,116.57613,2120.0,258.60130200000003
,18.18777777777778,39.71458,116.57577,2120.0,273.858876
,18.18888888888889,39.70981,116.5754,2120.0,258.45552900000007
,18.19,39.70532,116.5743,2120.0,247.13382600000006
,18.191111111111113,39.700546,116.57283,2120.0,265.355451
,18.192222222222224,39.696613,116.56916,2120.0,261.90549000000004
,18.19361111111111,39.692684,116.56476,2120.0,280.564434
,18.19472222222222,39.689316,116.560356,2120.0,258.45552900000007
,18.195833333333333,39.68679,116.554855,2150.0,266.667408
,18.196944444444444,39.684544,116.54862,2180.0,286.589718
,18.198055555555555,39.68314,116.542015,2210.0,285.22917
,18.199166666666667,39.682858,116.53468,2270.0,305.734572
,18.200555555555553,39.682858,116.52734,2330.0,305.54020800000006
,18.201666666666664,39.68314,116.52037,2390.0,290.525589
,18.202777777777776,39.683422,116.51377,2450.0,275.170833
,18.203888888888887,39.68426,116.5068,2480.0,293.6840040000001
,18.205,39.684826,116.49983,2540.0,291.74036400000006
,18.20611111111111,39.685387,116.49286,2600.0,291.74036400000006
,18.20722222222222,39.685947,116.48589,2630.0,291.691773
,18.20861111111111,39.68679,116.47892,2690.0,293.6840040000001
,18.209722222222222,39.68763,116.47195,2760.0,293.6840040000001
,18.210833333333333,39.688473,116.464615,2790.0,308.698623
,18.211944444444445,39.689598,116.45764,2850.0,296.64805500000006
,18.213055555555556,39.69072,116.4503,2910.0,311.46831000000003
,18.214444444444442,39.69184,116.44334,2970.0,295.967781
,18.215555555555554,39.693245,116.43636,3060.0,300.29238000000004
,18.216666666666665,39.69437,116.4294,3230.0,296.016372
,18.217777777777776,39.69549,116.42206,3260.0,311.46831000000003
,18.218888888888888,39.696613,116.415085,3320.0,296.599464
,18.22,39.69774,116.40775,3320.0,311.322537
,18.22111111111111,39.698578,116.40041,3350.0,308.8443960000001
,18.222499999999997,39.69942,116.393074,3410.0,308.698623
,18.223611111111108,39.69998,116.385376,3440.0,321.81819300000006
,18.22472222222222,39.700264,116.37767,3510.0,321.089328
,18.22583333333333,39.69998,116.369965,3570.0,321.04073700000004
,18.22694444444444,39.69774,116.363365,3600.0,300.195198
,18.228055555555553,39.695774,116.35639,3660.0,309.184533
,18.229444444444443,39.693806,116.34905,3750.0,323.518878
,18.230555555555554,39.69072,116.34245,3810.0,321.42946500000005
,18.231666666666666,39.68763,116.33548,3870.0,334.84058100000004
,18.232777777777777,39.685104,116.32925,3930.0,293.10091200000005
,18.233888888888888,39.68258,116.32264,3960.0,307.143711
,18.235,39.680332,116.31531,4020.0,328.4751600000001
,18.23611111111111,39.678085,116.3087,4080.0,300.826881
,18.2375,39.67612,116.301735,4110.0,308.8443960000001
,18.238611111111112,39.67444,116.29476,4240.0,304.276842
,18.239722222222223,39.673035,116.28742,4270.0,314.918271
,18.240833333333335,39.67163,116.279724,4330.0,329.301207
,18.241944444444446,39.669666,116.27275,4360.0,309.184533
,18.243055555555557,39.66798,116.26541,4390.0,318.951324
,18.244444444444447,39.666016,116.258446,4390.0,308.795805
,18.245555555555555,39.66405,116.25074,4480.0,338.047587
,18.246666666666666,39.662086,116.2434,4540.0,323.5674690000001
,18.247777777777777,39.66096,116.2357,4570.0,326.38574700000004
,18.24888888888889,39.660122,116.22836,4630.0,308.99016900000004
,18.25,39.65984,116.22066,4690.0,320.992146
,18.25138888888889,39.6604,116.212585,4720.0,337.610268
,18.2525,39.661243,116.20415,4790.0,354.179799
,18.253611111111113,39.663208,116.19608,4850.0,352.430523
,18.254722222222224,39.664894,116.18838,4880.0,333.3342600000001
,18.25583333333333,39.666298,116.180305,4940.0,344.70455400000003
,18.256944444444443,39.667698,116.17223,4970.0,344.65596300000004
,18.258333333333333,39.668823,116.16416,5000.0,341.497548
,18.259444444444444,39.670227,116.1561,5030.0,344.072871
,18.260555555555555,39.67107,116.148026,5150.0,339.26236200000005
,18.261666666666667,39.67219,116.13995,5180.0,341.643321
,18.262777777777778,39.673313,116.13188,5240.0,341.448957
,18.26388888888889,39.674156,116.12381,5270.0,339.06799800000005
,18.265,39.675,116.11574,5330.0,339.06799800000005
,18.26638888888889,39.67612,116.107666,5360.0,341.54613900000004
,18.2675,39.677246,116.099236,5390.0,356.220621
,18.26861111111111,39.678085,116.09116,5430.0,339.26236200000005
,18.26972222222222,39.67921,116.08236,5460.0,371.38101300000005
,18.270833333333332,39.680332,116.07429,5490.0,341.400366
,18.271944444444443,39.681454,116.06548,5520.0,371.72115
,18.273333333333333,39.68258,116.057045,5550.0,356.36639400000007
,18.274444444444445,39.683422,116.04861,5580.0,354.082617
,18.275555555555556,39.684826,116.0398,5610.0,374.53942800000004
,18.276666666666667,39.685665,116.031,5640.0,369.09723600000007
,18.27777777777778,39.68707,116.022194,5700.0,374.34506400000004
,18.278888888888886,39.687912,116.013756,5760.0,354.179799
,18.280277777777776,39.689316,116.00495,5820.0,374.34506400000004
,18.281388888888888,39.690437,115.99615,5850.0,371.2838310000001
,18.2825,39.691563,115.98734,5910.0,371.72115
,18.283611111111114,39.692684,115.978905,5970.0,356.26921200000004
,18.284722222222225,39.693527,115.9701,6070.0,369.2916
,18.285833333333336,39.69437,115.961296,6130.0,369.24300900000003
,18.287222222222223,39.69549,115.95249,6160.0,371.478195
,18.288333333333334,39.696613,115.94405,6220.0,356.46357600000005
,18.289444444444445,39.69774,115.93525,6250.0,371.2838310000001
,18.290555555555557,39.698578,115.92608,6280.0,384.30621900000006
,18.291666666666668,39.699703,115.917274,6340.0,371.526786
,18.29277777777778,39.700825,115.90847,6370.0,371.38101300000005
,18.29388888888889,39.70195,115.90003,6430.0,356.46357600000005
,18.29527777777778,39.70307,115.89123,6460.0,371.18664900000005
,18.29638888888889,39.704475,115.88242,6490.0,374.442246
,18.297500000000003,39.705597,115.87362,6550.0,371.18664900000005
,18.298611111111114,39.70644,115.864815,6580.0,369.24300900000003
,18.299722222222226,39.707283,115.85601,6610.0,369.24300900000003
,18.300833333333333,39.708405,115.847206,6680.0,371.332422
,18.302222222222223,39.709526,115.8384,6710.0,371.429604
,18.303333333333335,39.71037,115.82923,6740.0,384.30621900000006
,18.304444444444446,39.711212,115.82006,6770.0,384.30621900000006
,18.305555555555557,39.711494,115.81126,6800.0,366.473322
,18.30666666666667,39.71093,115.802086,6860.0,382.945671
,18.30777777777778,39.70981,115.792915,6890.0,386.3956320000001
,18.309166666666666,39.708126,115.78411,6950.0,377.55207000000007
,18.310277777777777,39.706158,115.77494,6980.0,396.16242300000005
,18.31138888888889,39.703632,115.7665,7040.0,376.871796
,18.3125,39.701385,115.7577,7070.0,385.86113100000006
,18.31361111111111,39.699142,115.74889,7100.0,386.201268
,18.314722222222223,39.696896,115.74009,7130.0,385.86113100000006
,18.316111111111113,39.69493,115.73092,7190.0,396.21101400000003
,18.31722222222222,39.693245,115.722115,7220.0,377.64925200000005
,18.31833333333333,39.69128,115.71331,7250.0,381.585123
,18.319444444444443,39.689316,115.70414,7280.0,396.21101400000003
,18.320555555555554,39.68763,115.69497,7320.0,392.42091600000003
,18.321666666666665,39.685947,115.6858,7380.0,392.42091600000003
,18.322777777777777,39.68426,115.67662,7410.0,392.85823500000004
,18.324166666666667,39.682297,115.66745,7440.0,396.21101400000003
,18.325277777777778,39.680614,115.65828,7470.0,392.42091600000003
,18.32638888888889,39.67893,115.64911,7500.0,392.469507
,18.3275,39.677246,115.63957,7560.0,407.48412600000006
,18.328611111111112,39.67556,115.63077,7620.0,377.55207000000007
,18.329722222222223,39.673874,115.6216,7650.0,392.518098
,18.33111111111111,39.67191,115.61206,7680.0,411.12845100000004
,18.33222222222222,39.670227,115.60289,7710.0,392.518098
,18.333333333333332,39.66854,115.59298,7740.0,422.5959270000001
,18.334444444444443,39.66686,115.58381,7770.0,392.469507
,18.335555555555555,39.665455,115.57427,7800.0,404.42289300000004
,18.336666666666666,39.66377,115.5651,7800.0,392.566689
,18.338055555555556,39.662086,115.555565,7800.0,407.33835300000004
,18.339166666666664,39.6604,115.54603,7800.0,407.3869440000001
,18.340277777777775,39.65928,115.53686,7800.0,386.63858700000003
,18.341388888888886,39.657593,115.52769,7800.0,392.61528000000004
,18.342499999999998,39.65619,115.51852,7800.0,389.359683
,18.34361111111111,39.654785,115.50934,7800.0,389.797002
,18.345,39.653103,115.4998,7830.0,407.58130800000004
,18.34611111111111,39.651417,115.49063,7830.0,392.61528000000004
,18.34722222222222,39.650013,115.48146,7830.0,389.408274
,18.348333333333333,39.64833,115.47229,7890.0,392.61528000000004
,18.349444444444444,39.646927,115.46312,7920.0,389.408274
,18.350555555555555,39.64524,115.45358,7990.0,407.67849000000007
,18.351666666666667,39.643837,115.44478,8140.0,374.29647300000005
,18.353055555555557,39.642155,115.43561,8230.0,392.61528000000004
,18.354166666666668,39.64047,115.42606,8290.0,408.115809
,18.35527777777778,39.639065,115.41763,8350.0,359.281854
,18.35638888888889,39.63766,115.408455,8380.0,389.651229
,18.3575,39.635696,115.400024,8380.0,366.91064100000006
,18.358611111111113,39.634014,115.39159,8410.0,362.92617900000005
,18.360000000000003,39.63205,115.38315,8440.0,367.29936900000007
,18.361111111111114,39.629803,115.37471,8470.0,372.012696
,18.362222222222222,39.626995,115.365906,8500.0,396.98847
,18.363333333333333,39.623905,115.357834,8530.0,375.55983900000007
,18.364444444444445,39.620537,115.35013,8560.0,369.09723600000007
,18.365555555555556,39.616325,115.3428,8600.0,381.05062200000003
,18.366944444444446,39.611553,115.33582,8660.0,388.873773
,18.368055555555557,39.60594,115.32959,8720.0,399.4666110000001
,18.36916666666667,39.600605,115.323715,8750.0,378.475299
,18.37027777777778,39.59415,115.31895,8780.0,401.701797
,18.37138888888889,39.587692,115.31491,8810.0,387.8047710000001
,18.3725,39.580956,115.31124,8840.0,395.19060300000007
,18.37388888888889,39.573936,115.307945,8900.0,403.79121000000004
,18.375,39.56692,115.30501,8930.0,398.737746
,18.37611111111111,39.56018,115.301704,8960.0,389.74841100000003
,18.377222222222223,39.553444,115.298775,8990.0,384.30621900000006
,18.378333333333334,39.546707,115.295105,9020.0,395.23919400000005
,18.379444444444445,39.53969,115.2918,9020.0,403.839801
,18.380555555555556,39.533234,115.28813,9050.0,381.29357699999997
,18.381944444444446,39.526215,115.28483,9080.0,403.839801
,18.383055555555558,39.519478,115.281166,9080.0,395.19060300000007
,18.384166666666665,39.51246,115.2775,9080.0,409.28199300000006
,18.385277777777777,39.505722,115.27383,9110.0,395.33637600000003
,18.386388888888888,39.498985,115.27016,9110.0,395.28778500000004
,18.3875,39.492245,115.26685,9110.0,389.894184
,18.38888888888889,39.485508,115.26282,9110.0,401.36166000000003
,18.39,39.478493,115.25952,9140.0,403.69402800000006
,18.391111111111112,39.471474,115.255486,9140.0,415.35586800000004
,18.392222222222223,39.464455,115.25218,9140.0,403.98557400000004
,18.393333333333334,39.457436,115.24851,9170.0,409.4277660000001
,18.394444444444446,39.45042,115.24521,9170.0,403.742619
,18.395833333333332,39.44312,115.24117,9200.0,429.39866700000005
,18.396944444444443,39.43582,115.23751,9200.0,423.42197400000003
,18.398055555555555,39.428802,115.23421,9240.0,403.88839200000007
,18.399166666666666,39.422066,115.23017,9240.0,401.55602400000004
,18.400277777777777,39.41477,115.2265,9270.0,423.42197400000003
,18.40138888888889,39.407467,115.22283,9270.0,423.762111
,18.402777777777775,39.40017,115.218796,9270.0,429.20430300000004
,18.403888888888886,39.392868,115.21513,9270.0,423.66492900000003
,18.404999999999998,39.385853,115.2111,9300.0,415.16150400000004
,18.40611111111111,39.378273,115.20743,9300.0,437.80491
,18.40722222222222,39.37097,115.20339,9300.0,429.64162200000004
,18.40833333333333,39.36339,115.19972,9300.0,437.80491
,18.409444444444443,39.356094,115.19569,9300.0,429.15571200000005
,18.410833333333333,39.348515,115.19202,9300.0,437.7563190000001
,18.411944444444444,39.340935,115.18798,9330.0,443.49005700000004
,18.413055555555555,39.333637,115.183945,9360.0,429.35007600000006
,18.414166666666667,39.325775,115.17991,9390.0,457.532856
,18.415277777777778,39.318478,115.17588,9390.0,429.20430300000004
,18.41638888888889,39.310898,115.17221,9420.0,437.85350100000005
,18.41777777777778,39.3036,115.168175,9450.0,429.35007600000006
,18.41888888888889,39.29602,115.16414,9510.0,443.441466
,18.42,39.28844,115.15974,9540.0,449.46675000000005
,18.421111111111113,39.28114,115.1557,9570.0,429.54444000000007
,18.422222222222224,39.273563,115.15203,9600.0,437.70772800000003
,18.423333333333336,39.266262,115.147995,9660.0,429.54444000000007
,18.424722222222222,39.258682,115.14396,9690.0,443.49005700000004
,18.425833333333333,39.251102,115.13992,9720.0,443.538648
,18.426944444444445,39.244087,115.13626,9750.0,409.23340199999996
,18.428055555555556,39.236786,115.13259,9750.0,423.81070200000005
,18.429166666666667,39.22949,115.12892,9750.0,423.567747
,18.43027777777778,39.22247,115.12525,9780.0,409.670721
,18.43166666666667,39.21545,115.12158,9780.0,409.670721
,18.43277777777778,39.208996,115.11791,9780.0,381.48794100000003
,18.433888888888887,39.202538,115.11425,9780.0,381.5365320000001
,18.435,39.1958,115.11095,9780.0,389.84559300000006
,18.43611111111111,39.189342,115.10728,9780.0,381.682305
,18.43722222222222,39.182327,115.10434,9780.0,398.98070100000007
,18.438333333333333,39.17615,115.10067,9780.0,367.83387
,18.439722222222223,39.169693,115.09701,9780.0,381.48794100000003
,18.440833333333334,39.16324,115.09334,9780.0,381.48794100000003
,18.441944444444445,39.15678,115.08967,9780.0,381.82807800000006
,18.443055555555556,39.150043,115.086,9780.0,395.5793310000001
,18.444166666666668,39.143585,115.08196,9780.0,388.24209
,18.44527777777778,39.13685,115.07829,9780.0,395.48214900000005
,18.446666666666665,39.13011,115.075,9780.0,389.84559300000006
,18.447777777777777,39.123375,115.07096,9780.0,401.798979
,18.448888888888888,39.116356,115.06766,9780.0,404.131347
,18.45,39.109898,115.06362,9780.0,388.29068100000006
,18.45111111111111,39.102882,115.06032,9780.0,403.98557400000004
,18.452222222222222,39.09558,115.05665,9780.0,423.956475
,18.453611111111112,39.088844,115.052986,9780.0,395.48214900000005
,18.454722222222223,39.081547,115.04932,9780.0,423.66492900000003
,18.45583333333333,39.07481,115.04528,9780.0,401.94475200000005
,18.456944444444442,39.06779,115.04161,9780.0,409.8164940000001
,18.458055555555553,39.060772,115.03794,9780.0,409.71931200000006
,18.459166666666665,39.053474,115.033905,9780.0,429.593031
,18.460555555555555,39.046455,115.02987,9780.0,415.79318700000005
,18.461666666666666,39.039436,115.02657,9780.0,404.17993800000005
,18.462777777777777,39.032417,115.02254,9780.0,415.69600500000007
,18.46388888888889,39.025402,115.01887,9780.0,409.57353900000004
,18.465,39.0181,115.0152,9780.0,424.00506600000006
,18.46611111111111,39.011086,115.01116,9780.0,415.647414
,18.46722222222222,39.004066,115.00749,9780.0,409.865085
,18.46861111111111,38.996765,115.00382,9780.0,424.00506600000006
,18.46972222222222,38.989468,115.00016,9780.0,423.61633800000004
,18.47083333333333,38.98217,114.99649,9780.0,423.859293
,18.471944444444443,38.97515,114.99282,9780.0,409.865085
,18.473055555555554,38.968132,114.988785,9780.0,415.79318700000005
,18.474166666666665,38.961113,114.985115,9780.0,409.865085
,18.475555555555555,38.953815,114.981445,9780.0,423.859293
,18.476666666666667,38.946236,114.97778,9780.0,437.999274
,18.477777777777778,38.93894,114.97375,9780.0,429.54444000000007
,18.478888888888886,38.931637,114.97044,9780.0,418.85442
,18.479999999999997,38.92462,114.96641,9780.0,415.69600500000007
,18.481111111111108,38.91732,114.96274,9780.0,424.00506600000006
,18.482499999999998,38.910305,114.9587,9780.0,415.79318700000005
,18.483611111111113,38.902725,114.95503,9780.0,438.14504700000003
,18.484722222222224,38.895706,114.951,9780.0,415.84177800000003
,18.485833333333336,38.888405,114.947334,9780.0,424.00506600000006
,18.486944444444447,38.88083,114.9433,9780.0,443.538648
,18.488055555555558,38.873528,114.939995,9780.0,418.75723800000003
,18.489444444444445,38.865948,114.93596,9780.0,443.830194
,18.490555555555556,38.85865,114.93229,9780.0,423.956475
,18.491666666666667,38.85163,114.92825,9780.0,416.133324
,18.49277777777778,38.84405,114.92458,9780.0,438.193638
,18.49388888888889,38.836754,114.920555,9780.0,429.54444000000007
,18.495,38.829735,114.91652,9780.0,415.98755100000005
,18.496111111111112,38.822716,114.91285,9780.0,409.96226700000005
,18.497500000000002,38.81542,114.90918,9780.0,423.859293
,18.498611111111114,38.80868,114.90514,9780.0,402.382071
,18.499722222222225,38.80138,114.901474,9780.0,424.00506600000006
,18.500833333333333,38.793804,114.89744,9780.0,443.68442100000004
,18.501944444444444,38.786503,114.89414,9780.0,418.70864700000004
,18.503055555555555,38.779484,114.89047,9810.0,410.01085800000004
,18.504444444444445,38.77247,114.88644,9810.0,415.69600500000007
,18.505555555555556,38.76545,114.88277,9850.0,410.05944900000003
,18.506666666666668,38.75843,114.87873,9880.0,416.18191500000006
,18.50777777777778,38.75141,114.87506,9880.0,410.05944900000003
,18.50888888888889,38.744114,114.87139,9910.0,423.956475
,18.51,38.737095,114.868095,9910.0,404.325711
,18.511388888888888,38.73008,114.864426,9940.0,409.8164940000001
,18.5125,38.72278,114.860756,9940.0,424.150839
,18.51361111111111,38.71576,114.857086,9970.0,410.1080400000001
,18.514722222222222,38.708744,114.85342,9970.0,409.8164940000001
,18.515833333333333,38.702003,114.84975,10000.0,396.16242300000005
,18.516944444444444,38.69499,114.84571,10000.0,415.93896
,18.51833333333333,38.68825,114.84168,10000.0,402.33348
,18.519444444444442,38.681232,114.83801,10030.0,410.01085800000004
,18.520555555555553,38.674213,114.83471,10030.0,404.42289300000004
,18.521666666666665,38.666916,114.83104,10060.0,424.05365700000004
,18.522777777777776,38.659615,114.827736,10060.0,418.85442
,18.523888888888887,38.652317,114.82407,10060.0,424.05365700000004
,18.525,38.645298,114.820404,10090.0,410.05944900000003
,18.52638888888889,38.63828,114.816734,10090.0,410.05944900000003
,18.5275,38.631542,114.813065,10120.0,396.06524100000007
,18.52861111111111,38.624527,114.809395,10120.0,409.91367600000007
,18.529722222222222,38.617508,114.80536,10150.0,416.18191500000006
,18.530833333333334,38.61049,114.80169,10180.0,410.05944900000003
,18.531944444444445,38.603752,114.79766,10180.0,402.33348
,18.533333333333335,38.596733,114.79399,10210.0,410.156631
,18.534444444444446,38.589436,114.79069,10210.0,418.61146500000007
,18.535555555555558,38.582417,114.78702,10240.0,410.156631
,18.53666666666667,38.575397,114.78335,10270.0,410.20522200000005
,18.53777777777778,38.56866,114.77968,10270.0,396.06524100000007
,18.53888888888889,38.561924,114.77602,10300.0,395.87087700000006
,18.540277777777778,38.555187,114.77235,10300.0,396.11383200000006
,18.54138888888889,38.54845,114.76831,10330.0,402.479253
,18.5425,38.541992,114.76501,10330.0,376.191522
,18.54361111111111,38.534973,114.7617,10360.0,404.66584800000004
,18.544722222222223,38.528236,114.75804,10360.0,395.96805900000004
,18.545833333333334,38.5215,114.75437,10390.0,396.06524100000007
,18.547222222222224,38.514763,114.7507,10390.0,396.11383200000006
,18.548333333333336,38.508305,114.7474,10390.0,376.191522
,18.549444444444447,38.501846,114.74373,10390.0,382.36257900000004
,18.550555555555555,38.49483,114.74043,10390.0,404.42289300000004
,18.551666666666666,38.488094,114.73676,10390.0,396.11383200000006
,18.552777777777777,38.481636,114.73309,10390.0,382.31398800000005
,18.55388888888889,38.475178,114.72979,10390.0,376.240113
,18.55527777777778,38.469,114.72649,10390.0,362.19731399999995
,18.55638888888889,38.462826,114.72319,10390.0,362.00295000000006
,18.5575,38.45581,114.71989,10390.0,404.42289300000004
,18.558611111111112,38.449352,114.71658,10390.0,376.434477
,18.559722222222224,38.443176,114.71328,10390.0,362.148723
,18.560833333333335,38.437283,114.71035,10390.0,342.08063999999996
,18.56222222222222,38.431385,114.70705,10390.0,348.34887900000007
,18.563333333333333,38.42577,114.70411,10390.0,328.280796
,18.564444444444444,38.418755,114.70081,10390.0,404.42289300000004
,18.565555555555555,38.4137,114.697876,10390.0,300.389562
,18.566666666666666,38.408646,114.69494,10390.0,300.389562
,18.567777777777778,38.403595,114.69201,10390.0,300.09801600000003
,18.569166666666668,38.398823,114.68944,10390.0,280.17570600000005
,18.57027777777778,38.39405,114.68723,10390.0,274.63633200000004
,18.57138888888889,38.387875,114.68467,10390.0,351.215748
,18.572499999999998,38.381138,114.68173,10390.0,385.132266
,18.57361111111111,38.342957,114.66193,10390.0,2229.452262
,18.57472222222222,38.32864,114.65459,10390.0,834.6961980000001
,18.57611111111111,38.322746,114.65128,10390.0,348.39747
,18.577222222222222,38.315727,114.64872,10390.0,394.899057
,18.578333333333333,38.308147,114.64615,10390.0,424.29661200000004
,18.579444444444444,38.300007,114.644684,10390.0,444.6562410000001
,18.580555555555556,38.292145,114.642845,10390.0,432.3627180000001
,18.581666666666667,38.284004,114.64211,10390.0,441.44923500000004
,18.58277777777778,38.276146,114.64211,10390.0,425.025477
,18.584166666666665,38.268005,114.64211,10390.0,440.38023300000003
,18.585277777777776,38.260143,114.64248,10390.0,425.55997800000006
,18.586388888888887,38.252003,114.643585,10390.0,442.80978300000004
,18.5875,38.243862,114.64432,10390.0,441.44923500000004
,18.58861111111111,38.236,114.64505,10390.0,426.386025
,18.58972222222222,38.22786,114.64578,10390.0,441.400644
,18.59111111111111,38.22,114.646515,10390.0,426.288843
,18.592222222222222,38.21186,114.64688,10390.0,440.57459700000004
,18.593333333333334,38.202595,114.64799,10390.0,503.35416900000007
,18.594444444444445,38.194454,114.649086,10390.0,442.80978300000004
,18.595555555555553,38.186314,114.650185,10390.0,442.76119200000005
,18.596666666666664,38.17789,114.65092,10390.0,456.75540000000007
,18.598055555555554,38.16975,114.652016,10390.0,442.76119200000005
,18.599166666666665,38.161892,114.65239,10390.0,425.36561400000005
,18.60027777777778,38.15403,114.652756,10390.0,425.55997800000006
,18.60138888888889,38.128765,114.65532,10390.0,1370.9464740000003
,18.602500000000003,38.11922,114.65642,10390.0,518.417379
,18.603611111111114,38.112762,114.65716,10390.0,350.72983800000003
,18.605,38.105743,114.657524,10390.0,379.9816200000001
,18.60611111111111,38.098446,114.65826,10390.0,395.96805900000004
,18.607222222222223,38.09115,114.65862,10390.0,394.947648
,18.608333333333334,38.083847,114.659355,10390.0,396.2596050000001
,18.609444444444446,38.07599,114.65972,10390.0,425.268432
,18.610555555555557,38.068127,114.661194,10390.0,429.9331680000001
,18.611666666666668,38.06083,114.66156,10390.0,394.99623900000006
,18.613055555555558,38.05325,114.66193,10390.0,410.3024040000001
,18.61416666666667,38.04567,114.66266,10390.0,411.177042
,18.61527777777778,38.03809,114.66339,10390.0,411.177042
,18.616388888888892,38.02995,114.66449,10390.0,442.80978300000004
,18.6175,38.02237,114.664856,10390.0,410.3024040000001
,18.61861111111111,38.01451,114.665596,10390.0,426.33743400000003
,18.62,38.00693,114.66633,10390.0,411.2256330000001
,18.621111111111112,37.99907,114.666695,10390.0,425.4627960000001
,18.622222222222224,37.99093,114.66779,10390.0,442.76119200000005
,18.623333333333335,37.983067,114.668526,10390.0,426.48320700000005
,18.624444444444446,37.975487,114.66926,10390.0,411.2256330000001
,18.625555555555557,37.96763,114.669624,10390.0,425.268432
,18.626944444444444,37.96005,114.670364,10390.0,411.2256330000001
,18.628055555555555,37.95191,114.6711,10390.0,441.400644
,18.629166666666666,37.94433,114.67146,10390.0,410.3024040000001
,18.630277777777778,37.936188,114.67256,10390.0,442.90696500000007
,18.63138888888889,37.928608,114.673294,10390.0,411.2256330000001
,18.6325,37.920467,114.67403,10390.0,441.49782600000003
,18.634999999999998,37.904465,114.67513,10390.0,866.8634400000002
,18.63611111111111,37.897167,114.67623,10390.0,397.5229710000001
,18.63722222222222,37.889305,114.67696,10390.0,426.386025
,18.638333333333332,37.881165,114.67696,10390.0,440.28305100000006
,18.639444444444443,37.873024,114.67733,10390.0,440.623188
,18.640555555555554,37.86516,114.67843,10390.0,427.940937
,18.641944444444444,37.856743,114.67917,10390.0,456.3666720000001
,18.643055555555556,37.84888,114.6799,10390.0,426.48320700000005
,18.644166666666667,37.841022,114.68027,10390.0,425.36561400000005
,18.64527777777778,37.832882,114.681366,10390.0,442.76119200000005
,18.64638888888889,37.82502,114.6821,10390.0,426.43461600000006
,18.6475,37.81688,114.682465,10390.0,440.57459700000004
,18.648888888888887,37.809017,114.683205,10390.0,426.48320700000005
,18.65,37.800877,114.68394,10390.0,441.400644
,18.65111111111111,37.792736,114.68467,10390.0,441.44923500000004
,18.65222222222222,37.785156,114.68577,10390.0,412.68336300000004
,18.653333333333332,37.777016,114.686134,10390.0,440.57459700000004
,18.655555555555555,37.761295,114.68723,10390.0,851.654457
,18.656666666666666,37.753433,114.68761,10390.0,425.55997800000006
,18.658055555555553,37.745293,114.688705,10390.0,442.80978300000004
,18.659166666666664,37.737152,114.68944,10390.0,441.49782600000003
,18.660277777777775,37.72845,114.6909,10390.0,474.83125200000006
,18.661388888888887,37.72059,114.69127,10390.0,425.4627960000001
,18.662499999999998,37.71245,114.69201,10390.0,441.44923500000004
,18.66361111111111,37.70403,114.692375,10390.0,455.73498900000004
,18.665,37.695885,114.69274,10390.0,440.8661430000001
,18.66611111111111,37.687744,114.693474,10390.0,441.49782600000003
,18.66722222222222,37.679325,114.69421,10390.0,456.4638540000001
,18.668333333333333,37.670902,114.69494,10390.0,456.658218
,18.669444444444444,37.66276,114.69567,10390.0,441.49782600000003
,18.670555555555556,37.65434,114.69678,10390.0,457.921584
,18.671944444444446,37.6462,114.69751,10390.0,441.400644
,18.673055555555557,37.637775,114.69824,10390.0,456.80399100000005
,18.674166666666668,37.629353,114.698975,10390.0,456.658218
,18.67527777777778,37.62065,114.70044,10390.0,474.9284340000001
,18.67638888888889,37.61223,114.70081,10390.0,455.73498900000004
,18.677500000000002,37.604088,114.701546,10390.0,441.546417
,18.678611111111113,37.59623,114.70191,10390.0,425.317023
,18.68,37.58753,114.70338,10390.0,474.782661
,18.68111111111111,37.578823,114.70411,10390.0,472.01297400000004
,18.682222222222222,37.570683,114.704475,10390.0,440.57459700000004
,18.683333333333334,37.562542,114.70484,10390.0,440.623188
,18.684444444444445,37.5544,114.70595,10390.0,442.955556
,18.685555555555556,37.54626,114.706314,10390.0,440.57459700000004
,18.686944444444446,37.537838,114.70705,10390.0,456.658218
,18.688055555555557,37.529697,114.70778,10390.0,441.44923500000004
,18.689166666666665,37.521557,114.708145,10390.0,440.57459700000004
,18.690277777777776,37.513416,114.70851,10390.0,440.623188
,18.691388888888888,37.505276,114.70962,10390.0,442.858374
,18.6925,37.496853,114.71108,10390.0,459.91381500000006
,18.69388888888889,37.48843,114.71291,10390.0,462.34336500000006
,18.695,37.48029,114.71402,10390.0,442.858374
,18.69611111111111,37.472427,114.71402,10390.0,425.317023
,18.697222222222223,37.46485,114.713646,10390.0,410.156631
,18.698333333333334,37.45699,114.713646,10390.0,425.17125000000004
,18.699444444444445,37.44885,114.71402,10390.0,440.57459700000004
,18.700833333333332,37.440426,114.71475,10390.0,456.75540000000007
,18.701944444444443,37.431725,114.71585,10390.0,473.033385
,18.703055555555554,37.4233,114.71695,10390.0,458.16453900000005
,18.704166666666666,37.4146,114.71879,10390.0,477.16362000000004
,18.705277777777777,37.40646,114.71989,10390.0,442.80978300000004
,18.70638888888889,37.398598,114.72025,10390.0,425.55997800000006
,18.7075,37.390457,114.72062,10390.0,440.623188
,18.70888888888889,37.382034,114.72135,10390.0,456.706809
,18.71,37.373894,114.72172,10390.0,440.57459700000004
,18.711111111111112,37.365753,114.72245,10390.0,441.49782600000003
,18.71222222222222,37.357613,114.72356,10390.0,442.858374
,18.71333333333333,37.34919,114.72429,10390.0,456.706809
,18.714444444444442,37.34077,114.724655,10390.0,455.73498900000004
,18.715833333333332,37.332626,114.72502,10390.0,440.81755200000003
,18.716944444444444,37.324768,114.72429,10390.0,426.191661
,18.718055555555555,37.31719,114.72319,10390.0,412.634772
,18.719166666666666,37.309326,114.72245,10390.0,426.580389
,18.720277777777778,37.301468,114.722084,10390.0,425.317023
,18.72138888888889,37.292767,114.72429,10390.0,480.127671
,18.722777777777775,37.283783,114.72685,10390.0,498.30070500000005
,18.723888888888887,37.2748,114.72869,10390.0,492.3240120000001
,18.724999999999998,37.266094,114.73052,10390.0,477.4551660000001
,18.72611111111111,37.25655,114.73309,10390.0,527.989806
,18.72722222222222,37.24813,114.73419,10390.0,457.921584
,18.72833333333333,37.239147,114.7364,10390.0,495.14229
,18.72972222222222,37.230446,114.73823,10390.0,477.212211
,18.730833333333333,37.222023,114.73896,10390.0,456.706809
,18.731944444444444,37.212757,114.74006,10390.0,503.45135100000005
,18.733055555555556,37.204056,114.74226,10390.0,480.0790800000001
,18.734166666666667,37.195354,114.74373,10390.0,474.9284340000001
,18.735277777777778,37.188053,114.74153,10390.0,406.12357800000007
,18.73638888888889,37.180473,114.74006,10390.0,414.869958
,18.73777777777778,37.172615,114.74006,10390.0,425.025477
,18.73888888888889,37.164474,114.73896,10390.0,442.90696500000007
,18.740000000000002,37.15605,114.73896,10390.0,455.68639800000005
,18.741111111111113,37.14763,114.73896,10390.0,455.44344300000006
,18.742222222222225,37.13921,114.74006,10390.0,457.921584
,18.743333333333336,37.13107,114.74043,10390.0,440.57459700000004
,18.744722222222222,37.122646,114.74153,10390.0,458.115948
,18.745833333333334,37.11394,114.743,10390.0,475.17138900000003
,18.746944444444445,37.10524,114.7452,10390.0,480.0790800000001
,18.748055555555556,37.096817,114.7463,10390.0,458.067357
,18.749166666666667,37.087837,114.7474,10390.0,488.048004
,18.75027777777778,37.079693,114.747765,10390.0,440.81755200000003
,18.751666666666665,37.070713,114.74886,10390.0,488.048004
,18.752777777777776,37.062008,114.7507,10390.0,477.50375700000006
,18.753888888888888,37.05359,114.750336,10390.0,455.5892160000001
,18.755,37.044884,114.7507,10390.0,471.186927
,18.75611111111111,37.036465,114.750336,10390.0,455.68639800000005
,18.75722222222222,37.02748,114.74886,10390.0,490.186008
,18.75861111111111,37.018776,114.74997,10390.0,473.227749
,18.759722222222223,37.010075,114.7507,10390.0,471.72142800000006
,18.760833333333334,37.00165,114.7529,10390.0,465.50178
,18.761944444444445,36.993793,114.75364,10390.0,426.191661
,18.763055555555557,36.98537,114.75437,10390.0,456.706809
,18.764166666666668,36.976387,114.755104,10390.0,486.93041100000005
,18.76527777777778,36.967686,114.7562,10390.0,473.033385
,18.766666666666666,36.960106,114.75584,10390.0,410.3024040000001
,18.767777777777777,36.952526,114.75474,10390.0,412.7805450000001
,18.76888888888889,36.943542,114.75584,10390.0,488.29095900000004
,18.77,36.934,114.75841,10390.0,527.941215
,18.77111111111111,36.925575,114.75951,10390.0,458.21313
,18.772222222222222,36.91659,114.76097,10390.0,490.088826
,18.77361111111111,36.90845,114.7617,10390.0,441.44923500000004
,18.77472222222222,36.900032,114.7617,10390.0,455.346261
,18.77583333333333,36.89161,114.7617,10390.0,455.54062500000003
,18.776944444444442,36.88403,114.7617,10390.0,410.01085800000004
,18.778055555555554,36.875607,114.76207,10390.0,455.88076200000006
,18.779166666666665,36.866623,114.76354,10390.0,490.088826
,18.780555555555555,36.85792,114.76501,10390.0,475.02561600000007
,18.781666666666666,36.8495,114.76647,10390.0,459.8166330000001
,18.782777777777778,36.84164,114.76647,10390.0,425.17125000000004
,18.78388888888889,36.8335,114.766106,10390.0,440.57459700000004
,18.785,36.824795,114.766106,10390.0,470.84679000000006
,18.78611111111111,36.81469,114.773445,10390.0,632.2660920000001
,18.7875,36.805706,114.77675,10390.0,506.609766
,18.788611111111113,36.798126,114.77198,10390.0,459.136359
,18.789722222222224,36.789707,114.771614,10390.0,455.68639800000005
,18.790833333333335,36.781845,114.77235,10390.0,426.48320700000005
,18.791944444444447,36.773983,114.771614,10390.0,426.48320700000005
,18.793055555555558,36.76528,114.77235,10390.0,471.81861000000004
,18.79416666666667,36.75658,114.77418,10390.0,477.212211
,18.795555555555556,36.74844,114.77602,10390.0,447.47451900000004
,18.796666666666667,36.740017,114.77675,10390.0,456.706809
,18.797777777777778,36.731594,114.77638,10390.0,455.88076200000006
,18.79888888888889,36.723454,114.77638,10390.0,440.28305100000006
,18.8,36.714752,114.77675,10390.0,470.992563
,18.801111111111112,36.705208,114.778946,10390.0,524.977164
,18.802500000000002,36.697067,114.78005,10390.0,442.955556
,18.803611111111113,36.688644,114.78042,10390.0,455.88076200000006
,18.804722222222225,36.679943,114.78188,10390.0,474.879843
,18.805833333333332,36.672363,114.78188,10390.0,410.01085800000004
,18.806944444444444,36.664223,114.78188,10390.0,440.28305100000006
,18.808055555555555,36.655518,114.782616,10390.0,471.96438300000005
,18.809444444444445,36.646534,114.78408,10390.0,490.088826
,18.810555555555556,36.638676,114.78298,10390.0,427.697982
,18.811666666666667,36.630253,114.78335,10390.0,455.88076200000006
,18.81277777777778,36.62183,114.784454,10390.0,458.115948
,18.81388888888889,36.61341,114.786285,10390.0,462.34336500000006
,18.815,36.60499,114.786285,10390.0,455.44344300000006
,18.81638888888889,36.595726,114.78886,10390.0,513.412506
,18.8175,36.58702,114.79142,10390.0,483.86917800000003
,18.81861111111111,36.57888,114.79105,10390.0,440.57459700000004
,18.81972222222222,36.57074,114.789955,10390.0,442.858374
,18.820833333333333,36.56204,114.79105,10390.0,472.9847940000001
,18.821944444444444,36.553898,114.79032,10390.0,441.546417
,18.823055555555555,36.546036,114.78922,10390.0,427.940937
,18.824444444444445,36.53874,114.78665,10390.0,410.156631
,18.825555555555557,36.530598,114.78702,10390.0,440.72037000000006
,18.826666666666668,36.522175,114.78665,10390.0,455.88076200000006
,18.82777777777778,36.514034,114.783714,10390.0,458.45608500000003
,18.828888888888887,36.50561,114.78225,10390.0,460.108179
,18.83,36.49691,114.782616,10390.0,470.84679000000006
,18.83138888888889,36.48877,114.78115,10390.0,444.899196
,18.8325,36.48063,114.77748,10390.0,468.320058
,18.83361111111111,36.47305,114.77491,10390.0,424.97688600000004
,18.834722222222222,36.46547,114.77235,10390.0,424.879704
,18.835833333333333,36.457047,114.771614,10390.0,456.75540000000007
,18.836944444444445,36.448063,114.77198,10390.0,486.201546
,18.83833333333333,36.439922,114.770874,10390.0,442.955556
,18.839444444444442,36.43178,114.76904,10390.0,447.571701
,18.840555555555554,36.42364,114.76647,10390.0,454.277259
,18.841666666666665,36.414936,114.76537,10390.0,473.227749
,18.842777777777776,36.406796,114.764275,10390.0,442.858374
,18.843888888888888,36.399216,114.76244,10390.0,417.73682700000006
,18.845277777777778,36.390514,114.76097,10390.0,475.02561600000007
,18.84638888888889,36.381813,114.75987,10390.0,473.08197600000005
,18.8475,36.374233,114.7573,10390.0,425.025477
,18.84861111111111,36.366653,114.755104,10390.0,421.0410150000001
,18.849722222222223,36.35795,114.75474,10360.0,471.04115400000006
,18.850833333333334,36.349808,114.7529,10360.0,447.668883
,18.851944444444445,36.341667,114.75217,10390.0,441.49782600000003
,18.853333333333335,36.332405,114.75437,10390.0,510.05972700000007
,18.854444444444447,36.3237,114.75364,10390.0,471.915792
,18.855555555555558,36.31556,114.74997,10390.0,468.465831
,18.85666666666667,36.30798,114.7474,10390.0,425.025477
,18.85777777777778,36.30012,114.744835,10390.0,439.602777
,18.85888888888889,36.29198,114.74373,10390.0,442.90696500000007
,18.860277777777778,36.282997,114.74373,10390.0,485.91
,18.86138888888889,36.275135,114.74153,10390.0,435.958452
,18.8625,36.26615,114.7408,10390.0,487.027593
,18.863611111111112,36.256607,114.74226,10390.0,520.118064
,18.864722222222223,36.24875,114.73969,10390.0,439.554186
,18.865833333333335,36.240326,114.73896,10390.0,456.75540000000007
,18.86722222222222,36.231625,114.73896,10390.0,470.65242600000005
,18.868333333333332,36.224323,114.73529,10390.0,426.191661
,18.869444444444444,36.216747,114.73346,10390.0,417.493872
,18.870555555555555,36.208324,114.73456,10390.0,458.115948
,18.871666666666666,36.200462,114.73309,10390.0,430.07894100000004
,18.872777777777777,36.192043,114.73163,10390.0,459.8166330000001
,18.874166666666667,36.18362,114.73823,10390.0,539.068554
,18.87527777777778,36.175198,114.73933,10390.0,458.067357
,18.87638888888889,36.167618,114.72942,10390.0,596.114388
,18.8775,36.158916,114.72429,10390.0,521.284248
,18.878611111111113,36.15162,114.720985,10390.0,420.21496800000006
,18.879722222222224,36.14404,114.71952,10390.0,414.96714000000003
,18.880833333333335,36.135334,114.72025,10390.0,472.01297400000004
,18.88222222222222,36.127476,114.719154,10390.0,427.746573
,18.883333333333333,36.119053,114.71842,10390.0,456.75540000000007
,18.884444444444444,36.110912,114.71622,10390.0,450.73011600000007
,18.885555555555555,36.10277,114.71585,10390.0,440.72037000000006
,18.886666666666667,36.09435,114.71402,10390.0,462.44054700000004
,18.887777777777778,36.08621,114.71108,10390.0,458.65044900000004
,18.889166666666664,36.078068,114.709984,10390.0,443.00414700000005
,18.890277777777776,36.067963,114.715485,10390.0,597.1833900000001
,18.891388888888887,36.058697,114.71622,10390.0,502.2365760000001
,18.8925,36.050556,114.71475,10390.0,445.0449690000001
,18.89361111111111,36.042133,114.71475,10390.0,455.5892160000001
,18.89472222222222,36.033993,114.715485,10390.0,441.49782600000003
,18.89611111111111,36.025852,114.71475,10390.0,441.546417
,18.897222222222222,36.01743,114.714386,10390.0,455.8321710000001
,18.898333333333333,36.00929,114.71328,10390.0,442.955556
,18.899444444444445,36.00115,114.711815,10390.0,444.94778700000006
,18.900555555555552,35.992725,114.70924,10390.0,469.4376510000001
,18.901666666666664,35.984585,114.706314,10390.0,458.55326700000006
,18.903055555555554,35.976444,114.70301,10390.0,463.50954900000005
,18.904166666666665,35.96802,114.70081,10390.0,465.74473500000005
,18.905277777777776,35.96044,114.70007,10390.0,411.274224
,18.906388888888888,35.95174,114.69861,10390.0,474.9284340000001
,18.9075,35.9436,114.69751,10390.0,442.90696500000007
,18.90861111111111,35.93546,114.697876,10390.0,440.57459700000004
,18.90972222222222,35.92732,114.69678,10390.0,442.90696500000007
,18.91111111111111,35.91974,114.697876,10390.0,412.829136
,18.91222222222222,35.911037,114.70007,10390.0,480.46780800000005
,18.91333333333333,35.902332,114.70007,10390.0,470.84679000000006
,18.91444444444444,35.896156,114.69457,10390.0,411.90590700000007
,18.915555555555553,35.88886,114.68907,10390.0,462.44054700000004
,18.916666666666668,35.87847,114.689804,10390.0,562.9267350000001
,18.918055555555558,35.869488,114.689804,10390.0,485.86140900000004
,18.91916666666667,35.864437,114.682465,10390.0,422.06142600000004
,18.92027777777778,35.857418,114.67917,10390.0,406.22076000000004
,18.92138888888889,35.85068,114.679535,10390.0,364.821228
,18.9225,35.83917,114.68357,10390.0,647.23212
,18.92361111111111,35.828503,114.68467,10390.0,579.0103560000001
,18.925,35.820362,114.68394,10390.0,441.49782600000003
,18.926111111111112,35.81222,114.683205,10390.0,441.59500800000006
,18.927222222222223,35.80408,114.68173,10390.0,445.0449690000001
,18.928333333333335,35.79566,114.681,10390.0,456.56103600000006
,18.929444444444446,35.787518,114.6799,10390.0,443.05273800000003
,18.930555555555557,35.779377,114.67806,10390.0,447.71747400000004
,18.931944444444447,35.770954,114.67696,10390.0,458.16453900000005
,18.93305555555556,35.762814,114.67733,10390.0,440.623188
,18.934166666666666,35.754673,114.67696,10390.0,440.6717790000001
,18.935277777777777,35.74625,114.67513,10390.0,462.63491100000005
,18.93638888888889,35.738388,114.67256,10390.0,439.991505
,18.9375,35.72997,114.6711,10390.0,459.8166330000001
,18.93861111111111,35.72183,114.67146,10390.0,440.57459700000004
,18.94,35.713406,114.67146,10390.0,455.68639800000005
,18.941111111111113,35.705265,114.6711,10390.0,440.623188
,18.942222222222224,35.697124,114.669624,10390.0,445.09356
,18.943333333333335,35.6887,114.66926,10390.0,455.92935300000005
,18.944444444444446,35.68056,114.66743,10390.0,447.571701
,18.945555555555554,35.67242,114.665596,10390.0,447.62029200000006
,18.946944444444444,35.66456,114.66412,10390.0,430.07894100000004
,18.948055555555555,35.656136,114.66266,10390.0,460.15677
,18.949166666666667,35.647995,114.66156,10390.0,443.00414700000005
,18.950277777777778,35.639854,114.66229,10390.0,441.546417
,18.95138888888889,35.631714,114.66193,10390.0,440.57459700000004
,18.9525,35.623573,114.65972,10390.0,450.97307100000006
,18.953888888888887,35.615433,114.65862,10390.0,442.955556
,18.955,35.60701,114.657524,10390.0,458.16453900000005
,18.95611111111111,35.59887,114.65789,10390.0,440.57459700000004
,18.95722222222222,35.59073,114.657524,10390.0,440.57459700000004
,18.958333333333332,35.58259,114.65605,10390.0,445.0449690000001
,18.959444444444443,35.574448,114.652756,10390.0,463.65532200000007
,18.960833333333333,35.566025,114.64799,10390.0,501.5563020000001
,18.961944444444445,35.558163,114.644684,10390.0,449.46675000000005
,18.963055555555556,35.549744,114.64248,10390.0,465.59896200000003
,18.964166666666667,35.54132,114.64395,10390.0,460.253952
,18.96527777777778,35.53318,114.64505,10390.0,442.955556
,18.96638888888889,35.52532,114.64615,10390.0,427.8923460000001
,18.967499999999998,35.517178,114.64725,10390.0,443.05273800000003
,18.968888888888888,35.509037,114.646515,10390.0,441.546417
,18.97,35.500896,114.64542,10390.0,443.00414700000005
,18.97111111111111,35.492756,114.644684,10390.0,441.49782600000003
,18.97222222222222,35.484615,114.64505,10390.0,440.6717790000001
,18.973333333333333,35.476192,114.64432,10390.0,456.75540000000007
,18.975555555555555,35.460472,114.64028,10390.0,868.7584890000002
,18.976666666666667,35.45233,114.63844,10390.0,447.814656
,18.978055555555553,35.44419,114.63661,10390.0,447.62029200000006
,18.979166666666664,35.43605,114.633675,10390.0,458.89340400000003
,18.980277777777776,35.427906,114.630745,10390.0,459.03917700000005
,18.981388888888887,35.419765,114.63148,10390.0,441.546417
,18.982499999999998,35.411625,114.630745,10390.0,441.49782600000003
,18.983611111111113,35.403484,114.63038,10390.0,440.6717790000001
,18.985,35.395344,114.63148,10390.0,442.955556
,18.98611111111111,35.387203,114.63148,10390.0,440.38023300000003
,18.987222222222222,35.379063,114.62854,10390.0,458.990586
,18.988333333333333,35.370922,114.62598,10390.0,454.61739600000004
,18.989444444444445,35.362778,114.62377,10390.0,451.167435
,18.990555555555556,35.354637,114.62377,10390.0,440.38023300000003
,18.991944444444446,35.34622,114.623405,10390.0,455.5892160000001
,18.993055555555557,35.338078,114.62304,10390.0,440.72037000000006
,18.99416666666667,35.329933,114.620834,10390.0,451.21602600000006
,18.99527777777778,35.321793,114.620834,10390.0,440.28305100000006
,18.99638888888889,35.313652,114.62047,10390.0,440.6717790000001
,18.997500000000002,35.30551,114.6201,10390.0,440.72037000000006
,18.99888888888889,35.29737,114.617905,10390.0,450.82729800000004
,19.0,35.28923,114.6157,10390.0,450.9244800000001
,19.00111111111111,35.28109,114.6124,10390.0,463.8010950000001
,19.002222222222223,35.27295,114.606895,10390.0,502.965441
,19.003333333333334,35.265087,114.60286,10390.0,461.12859
,19.004444444444445,35.256947,114.60066,10390.0,450.875889
,19.005555555555556,35.248524,114.603966,10390.0,478.42698600000006
,19.006944444444443,35.240383,114.60837,10390.0,481.4396280000001
,19.008055555555554,35.232243,114.607994,10390.0,440.623188
,19.009166666666665,35.224102,114.6047,10390.0,463.8010950000001
,19.010277777777777,35.21596,114.60176,10390.0,459.18495
,19.011388888888888,35.2081,114.59993,10390.0,432.80003700000003
,19.0125,35.199677,114.60103,10390.0,458.21313
,19.01388888888889,35.191536,114.60249,10390.0,445.0449690000001
,19.015,35.183395,114.60249,10390.0,440.38023300000003
,19.016111111111112,35.175255,114.60213,10390.0,440.57459700000004
,19.01722222222222,35.167114,114.603966,10390.0,447.766065
,19.01833333333333,35.158974,114.60249,10390.0,445.09356
,19.019444444444442,35.150833,114.600296,10390.0,450.9244800000001
,19.020833333333332,35.142693,114.595894,10390.0,481.4396280000001
,19.021944444444443,35.13483,114.590385,10390.0,490.186008
,19.023055555555555,35.126408,114.58782,10390.0,469.486242
,19.024166666666666,35.118267,114.58598,10390.0,447.814656
,19.025277777777777,35.110126,114.58598,10390.0,440.38023300000003
,19.02638888888889,35.10227,114.587456,10390.0,429.9331680000001
,19.02777777777778,35.094124,114.58562,10390.0,448.057611
,19.028888888888886,35.085983,114.58342,10390.0,450.97307100000006
,19.029999999999998,35.077843,114.58048,10390.0,459.136359
,19.03111111111111,35.069702,114.57792,10390.0,454.714578
,19.03222222222222,35.06156,114.57975,10390.0,447.814656
,19.033333333333335,35.05314,114.58415,10390.0,495.38524500000005
,19.034444444444446,35.045,114.58415,10390.0,440.28305100000006
,19.035833333333336,35.036858,114.58085,10390.0,464.04405
,19.036944444444448,35.028717,114.58012,10390.0,441.546417
,19.03805555555556,35.020576,114.58012,10390.0,440.38023300000003
,19.039166666666667,35.012436,114.57498,10390.0,495.67679100000004
,19.040277777777778,35.004574,114.56581,10390.0,588.145464
,19.04138888888889,34.996433,114.559204,10390.0,528.7672620000001
,19.04277777777778,34.988293,114.55884,10390.0,440.57459700000004
,19.04388888888889,34.97987,114.562874,10390.0,489.4085520000001
,19.045,34.97173,114.56214,10390.0,441.49782600000003
,19.046111111111113,34.963306,114.56434,10390.0,465.98769000000004
,19.047222222222224,34.955166,114.56618,10390.0,447.814656
,19.048333333333336,34.947025,114.56581,10390.0,440.6717790000001
,19.049722222222226,34.938885,114.56434,10390.0,445.09356
,19.050833333333333,34.930744,114.56324,10390.0,443.05273800000003
,19.051944444444445,34.922604,114.56214,10390.0,443.00414700000005
,19.053055555555556,34.914463,114.56068,10390.0,445.09356
,19.054166666666667,34.90632,114.55774,10390.0,459.379314
,19.05527777777778,34.89818,114.55774,10390.0,440.28305100000006
,19.05666666666667,34.890038,114.55884,10390.0,443.1013290000001
,19.05777777777778,34.881897,114.558105,10390.0,441.546417
,19.05888888888889,34.873756,114.554436,10390.0,469.486242
,19.060000000000002,34.865616,114.55224,10390.0,450.97307100000006
,19.061111111111114,34.857475,114.54857,10390.0,469.5348330000001
,19.06222222222222,34.849335,114.545265,10390.0,464.092641
,19.063333333333333,34.84119,114.54747,10390.0,451.31320800000003
,19.064722222222223,34.83305,114.547104,10390.0,440.623188
,19.065833333333334,34.82491,114.548935,10390.0,447.766065
,19.066944444444445,34.81677,114.546,10390.0,459.18495
,19.068055555555556,34.808628,114.5427,10390.0,464.14123200000006
,19.069166666666668,34.800488,114.541595,10390.0,443.05273800000003
,19.07027777777778,34.792347,114.5438,10390.0,451.1188440000001
,19.071666666666665,34.784206,114.5438,10390.0,440.38023300000003
,19.072777777777777,34.776066,114.54417,10390.0,440.623188
,19.073888888888888,34.768764,114.546,10390.0,403.256709
,19.075,34.760624,114.5449,10390.0,443.00414700000005
,19.07611111111111,34.7522,114.54196,10390.0,474.00520500000005
,19.077222222222222,34.743782,114.534996,10390.0,550.5846210000001
,19.078611111111112,34.735638,114.53133,10390.0,469.68060600000007
,19.079722222222223,34.72834,114.52106,10390.0,603.548811
,19.080833333333334,34.7202,114.519585,10390.0,445.14215100000007
,19.081944444444446,34.71206,114.52546,10390.0,511.9547760000001
,19.083055555555557,34.703636,114.52802,10390.0,469.68060600000007
,19.084166666666665,34.695213,114.530594,10390.0,469.77778800000004
,19.085555555555555,34.687355,114.5339,10390.0,449.75829600000003
,19.086666666666666,34.678932,114.53316,10390.0,456.80399100000005
,19.087777777777777,34.67079,114.5339,10390.0,441.64359900000005
,19.08888888888889,34.66265,114.53169,10390.0,451.167435
,19.09,34.65451,114.526924,10390.0,488.72827800000005
,19.09111111111111,34.64665,114.52179,10390.0,482.654403
,19.092499999999998,34.638508,114.51812,10390.0,469.729197
,19.09361111111111,34.630367,114.51629,10390.0,447.814656
,19.09472222222222,34.622227,114.519585,10390.0,464.092641
,19.09583333333333,34.614086,114.52032,10390.0,441.546417
,19.096944444444443,34.605946,114.518486,10390.0,447.814656
,19.098055555555554,34.598083,114.51739,10390.0,428.08671000000004
,19.099166666666665,34.589943,114.515915,10390.0,445.19074200000006
,19.100555555555555,34.581802,114.51445,10390.0,445.14215100000007
,19.101666666666667,34.57366,114.51555,10390.0,443.14992000000007
,19.102777777777778,34.5658,114.512985,10390.0,440.23446
,19.10388888888889,34.55766,114.51629,10390.0,464.2870050000001
,19.105,34.54952,114.514084,10390.0,451.1188440000001
,19.10611111111111,34.54166,114.51005,10390.0,461.56590900000003
,19.1075,34.533516,114.50858,10390.0,445.385106
,19.108611111111113,34.525375,114.50601,10390.0,455.00612400000006
,19.109722222222224,34.517235,114.50455,10390.0,445.09356
,19.110833333333336,34.509094,114.505646,10390.0,443.05273800000003
,19.111944444444447,34.500954,114.50345,10390.0,451.07025300000004
,19.113055555555558,34.492813,114.50124,10390.0,451.264617
,19.114444444444445,34.485233,114.48767,10390.0,730.8572310000001
,19.115555555555556,34.477093,114.48584,10390.0,447.814656
,19.116666666666667,34.469513,114.487305,10390.0,415.16150400000004
,19.11777777777778,34.46109,114.49428,10390.0,551.653623
,19.11888888888889,34.452667,114.49941,10390.0,509.816772
,19.12,34.445652,114.49574,10390.0,413.26645500000006
,19.12138888888889,34.439194,114.48107,10390.0,741.7902060000001
,19.1225,34.43133,114.46603,10390.0,794.4628500000001
,19.12361111111111,34.425438,114.45539,10390.0,571.770297
,19.12472222222222,34.41449,114.44842,10390.0,668.903706
,19.125833333333333,34.404945,114.43888,10390.0,669.1952520000001
,19.126944444444444,34.397366,114.43154,10390.0,524.7828000000001
,19.128055555555555,34.389225,114.42787,10390.0,469.8263790000001
,19.129444444444445,34.380802,114.427505,10390.0,455.88076200000006
,19.130555555555556,34.37266,114.42494,10390.0,455.05471500000004
,19.131666666666668,34.36452,114.42127,10390.0,469.8263790000001
,19.13277777777778,34.35638,114.4176,10390.0,469.8263790000001
