462,CCA1237054,B733,D,ZBAA,ZBYC,19        
,14.9025,40.05482,116.61575,420.0,202.52728800000003
,14.903611111111111,40.049484,116.603645,510.0,578.378673
,14.905833333333334,40.044434,116.59631,600.0,408.504537
,14.907222222222222,40.040783,116.600716,630.0,268.85400300000003
,14.908333333333333,40.037415,116.60401,660.0,227.60024400000003
,14.909444444444444,40.034607,116.60512,690.0,158.698206
,14.910555555555556,40.03152,116.60805,720.0,206.414568
,14.911666666666667,40.026184,116.60255,750.0,367.6880970000001
,14.912777777777778,40.021976,116.60145,780.0,232.11920700000002
,14.914166666666667,40.018326,116.60291,780.0,206.51175
,14.915277777777778,40.014675,116.603645,810.0,199.806192
,14.91638888888889,40.01103,116.60401,840.0,197.76537
,14.917499999999999,40.007095,116.60438,880.0,213.411672
,14.91861111111111,40.002884,116.60512,940.0,229.83543
,14.919722222222221,39.998955,116.60585,1000.0,214.67503800000003
,14.920833333333333,39.994743,116.60695,1060.0,232.362162
,14.922222222222222,39.990532,116.60841,1090.0,235.66635000000002
,14.923333333333332,39.986603,116.61025,1150.0,225.80237700000004
,14.924444444444443,39.98239,116.61172,1180.0,235.90930500000002
,14.925555555555555,39.9779,116.612816,1210.0,247.085235
,14.926666666666666,39.97313,116.613556,1240.0,259.816077
,14.927777777777777,39.968357,116.61392,1270.0,258.60130200000003
,14.929166666666665,39.963585,116.61392,1300.0,258.115392
,14.930277777777777,39.958252,116.613556,1330.0,288.87349500000005
,14.931388888888888,39.953197,116.61318,1390.0,273.858876
,14.9325,39.948143,116.612816,1450.0,273.810285
,14.93361111111111,39.94281,116.61245,1520.0,288.87349500000005
,14.934722222222222,39.937756,116.61245,1570.0,273.372966
,14.936111111111112,39.932423,116.61245,1630.0,288.48476700000003
,14.937222222222223,39.927372,116.61208,1720.0,273.66451200000006
,14.938333333333334,39.9226,116.61172,1780.0,258.55271100000004
,14.939444444444444,39.917263,116.61135,1930.0,289.11645000000004
,14.940555555555555,39.912212,116.610985,1990.0,273.615921
,14.941666666666666,39.90688,116.61062,2080.0,288.82490400000006
,14.943055555555556,39.901825,116.61062,2150.0,273.421557
,14.944166666666668,39.89677,116.61062,2240.0,273.421557
,14.945277777777777,39.89172,116.61025,2300.0,273.615921
,14.946388888888889,39.886665,116.61025,2390.0,273.421557
,14.9475,39.88161,116.609886,2450.0,273.858876
,14.948611111111111,39.87656,116.60952,2510.0,273.56732999999997
,14.949722222222222,39.871506,116.60952,2570.0,273.372966
,14.95111111111111,39.866455,116.60952,2630.0,273.227193
,14.952222222222222,39.8614,116.60915,2660.0,273.858876
,14.953333333333333,39.856068,116.60878,2660.0,288.82490400000006
,14.954444444444444,39.851856,116.60878,2660.0,227.84319900000003
,14.955555555555556,39.84596,116.60841,2820.0,319.291461
,14.956666666666665,39.840626,116.60805,2850.0,288.92208600000004
,14.958055555555555,39.835293,116.60768,2910.0,288.87349500000005
,14.959166666666667,39.82996,116.607315,2970.0,288.87349500000005
,14.960277777777778,39.824345,116.607315,3060.0,303.74234100000007
,14.961388888888887,39.81873,116.607315,3230.0,303.74234100000007
,14.962499999999999,39.813114,116.60658,3290.0,305.29725300000007
,14.96361111111111,39.807503,116.60658,3350.0,303.499386
,14.965,39.801888,116.60658,3410.0,303.74234100000007
,14.966111111111111,39.796272,116.60622,3440.0,304.1310690000001
,14.967222222222222,39.79094,116.60622,3510.0,288.43617600000005
,14.968333333333334,39.785324,116.60585,3540.0,304.17966
,14.969444444444445,39.779427,116.60585,3570.0,318.99991500000004
,14.970555555555556,39.773815,116.60585,3600.0,303.54797700000006
,14.971944444444444,39.7682,116.60585,3600.0,303.74234100000007
,14.973055555555556,39.762585,116.605484,3600.0,304.08247800000004
,14.974166666666667,39.75669,116.60512,3600.0,319.24287000000004
,14.975277777777778,39.751076,116.60475,3600.0,304.03388700000005
,14.97638888888889,39.74518,116.60512,3600.0,319.291461
,14.977500000000001,39.739567,116.60475,3600.0,303.98529600000006
,14.97861111111111,39.73367,116.60438,3600.0,319.340052
,14.98,39.728054,116.60438,3600.0,303.790932
,14.981111111111112,39.72216,116.60438,3600.0,318.80555100000004
,14.982222222222223,39.716267,116.60401,3600.0,319.145688
,14.983333333333333,39.71093,116.603645,3600.0,289.067859
,14.984444444444444,39.70532,116.603645,3600.0,303.4507950000001
,14.985555555555555,39.69942,116.603645,3600.0,319.145688
,14.986944444444443,39.693806,116.60328,3600.0,304.03388700000005
,14.988055555555555,39.687912,116.60328,3600.0,318.80555100000004
,14.989166666666666,39.68258,116.60255,3600.0,289.99108800000005
,14.990277777777777,39.676964,116.601814,3600.0,305.29725300000007
,14.991388888888888,39.67163,116.60035,3600.0,294.89877900000005
,14.9925,39.666576,116.59778,3600.0,293.586822
,14.993888888888888,39.661526,116.59521,3600.0,293.392458
,14.995,39.657314,116.590805,3600.0,292.51782000000003
,14.99611111111111,39.65338,116.585304,3600.0,312.683085
,14.997222222222222,39.650013,116.57907,3630.0,317.153457
,14.998333333333333,39.646927,116.5732,3660.0,296.016372
,14.999444444444444,39.64468,116.56623,3660.0,314.72390700000005
,15.000833333333333,39.642998,116.55926,3690.0,304.22825100000006
,15.001944444444444,39.641872,116.551926,3720.0,311.46831000000003
,15.003055555555555,39.641594,116.54422,3750.0,321.332283
,15.004166666666666,39.641594,116.536514,3750.0,320.992146
,15.005277777777778,39.64131,116.529175,3780.0,306.074709
,15.006388888888889,39.642433,116.52184,3840.0,311.516901
,15.0075,39.642998,116.5145,3840.0,307.24089299999997
,15.008888888888889,39.644398,116.50753,3870.0,300.04942500000004
,15.01,39.64524,116.5002,3900.0,308.698623
,15.011111111111111,39.646084,116.49286,3900.0,309.087351
,15.012222222222222,39.646645,116.48552,3900.0,307.19230200000004
,15.013333333333334,39.646927,116.47892,3900.0,275.31660600000004
,15.014444444444445,39.647205,116.47158,3900.0,306.074709
,15.015833333333333,39.647205,116.46425,3900.0,305.29725300000007
,15.016944444444444,39.647488,116.45691,3900.0,306.074709
,15.018055555555556,39.64777,116.44957,3900.0,306.074709
,15.019166666666667,39.64805,116.442604,3900.0,290.525589
,15.020277777777778,39.64861,116.435265,3900.0,307.143711
,15.02138888888889,39.64889,116.42829,3900.0,290.91431700000004
,15.022777777777778,39.649174,116.42059,3900.0,321.04073700000004
,15.023888888888889,39.649452,116.41362,3900.0,290.67136200000004
,15.025,39.649734,116.40665,3900.0,290.67136200000004
,15.026111111111112,39.650013,116.39968,3900.0,290.67136200000004
,15.027222222222223,39.650295,116.39234,3900.0,306.074709
,15.028333333333334,39.650574,116.38501,3900.0,305.63739000000004
,15.029722222222222,39.650856,116.37767,3900.0,306.074709
,15.030833333333334,39.65114,116.3707,3930.0,290.67136200000004
,15.031944444444445,39.6517,116.363365,3960.0,306.99793800000003
,15.033055555555556,39.651978,116.35639,3990.0,290.86572600000005
,15.034166666666666,39.65226,116.34905,4020.0,306.074709
,15.035277777777777,39.652542,116.34209,4050.0,290.2826340000001
,15.036388888888888,39.65282,116.33511,4110.0,291.06009000000006
,15.037777777777778,39.653103,116.32815,4110.0,290.2826340000001
,15.03888888888889,39.65338,116.32081,4180.0,306.02611800000005
,15.04,39.653664,116.31347,4210.0,306.074709
,15.04111111111111,39.653664,116.30614,4210.0,305.248662
,15.042222222222222,39.653946,116.29843,4210.0,321.42946500000005
,15.043333333333333,39.654507,116.290726,4210.0,322.255512
,15.044722222222221,39.654785,116.28302,4210.0,321.28369200000003
,15.045833333333333,39.655067,116.274956,4210.0,336.15253800000005
,15.046944444444444,39.65563,116.26762,4210.0,306.99793800000003
,15.048055555555555,39.65591,116.259544,4210.0,336.63844800000004
,15.049166666666666,39.65619,116.25184,4210.0,321.18651
,15.050277777777778,39.65647,116.24414,4210.0,321.04073700000004
,15.051666666666668,39.65675,116.236435,4210.0,321.23510100000004
,15.052777777777779,39.657032,116.22836,4210.0,336.63844800000004
,15.05388888888889,39.657314,116.22102,4210.0,306.02611800000005
,15.055000000000001,39.657593,116.213326,4210.0,320.74919100000005
,15.056111111111111,39.658154,116.20562,4210.0,322.352694
,15.057222222222222,39.658436,116.19755,4210.0,336.39549300000004
,15.058611111111112,39.658997,116.18984,4210.0,322.498467
,15.059722222222224,39.659557,116.18214,4210.0,322.061148
,15.060833333333335,39.659557,116.17444,4210.0,320.6520090000001
,15.061944444444444,39.660122,116.16673,4210.0,322.498467
,15.063055555555556,39.660122,116.15866,4210.0,336.055356
,15.064166666666667,39.6604,116.150955,4210.0,321.18651
,15.065277777777778,39.660683,116.14362,4210.0,305.831754
,15.066666666666666,39.66096,116.13592,4210.0,320.992146
,15.067777777777778,39.661243,116.12821,4210.0,321.42946500000005
,15.068888888888889,39.661526,116.12125,4210.0,290.23404300000004
,15.07,39.662086,116.11391,4210.0,307.143711
,15.071111111111112,39.663208,116.10547,4210.0,356.65794000000005
,15.072222222222223,39.66377,116.09776,4210.0,322.498467
,15.073611111111111,39.663208,116.08969,4210.0,337.41590400000007
,15.074722222222222,39.663208,116.08199,4210.0,320.6520090000001
,15.075833333333334,39.66349,116.07429,4210.0,320.992146
,15.076944444444445,39.66377,116.06658,4210.0,321.380874
,15.078055555555554,39.66433,116.058876,4210.0,322.206921
,15.079166666666666,39.66461,116.05118,4210.0,320.79778200000004
,15.080555555555556,39.665173,116.043106,4210.0,337.56167700000003
,15.081666666666667,39.665455,116.03577,4210.0,305.831754
,15.082777777777778,39.666016,116.02806,4210.0,322.449876
,15.08388888888889,39.666298,116.02036,4210.0,320.992146
,15.085,39.666576,116.01302,4210.0,305.977527
,15.086111111111112,39.66686,116.00532,4210.0,320.992146
,15.0875,39.667698,115.997986,4210.0,308.698623
,15.088611111111112,39.668823,115.99065,4210.0,311.46831000000003
,15.089722222222223,39.670788,115.98331,4210.0,323.5674690000001
,15.090833333333334,39.673313,115.97634,4210.0,320.74919100000005
,15.091944444444445,39.67612,115.96937,4210.0,327.50334000000004
,15.093055555555557,39.67977,115.963135,4240.0,326.14279200000004
,15.094166666666668,39.68426,115.95726,4270.0,344.65596300000004
,15.095555555555556,39.688473,115.95139,4300.0,334.11171600000006
,15.096666666666668,39.693527,115.946625,4360.0,337.75604100000004
,15.097777777777779,39.69942,115.94186,4390.0,375.414066
,15.09888888888889,39.704754,115.93709,4450.0,350.19533700000005
,15.1,39.71009,115.93232,4480.0,350.292519
,15.101111111111111,39.71514,115.92755,4510.0,337.658859
,15.1025,39.720196,115.92204,4540.0,356.85230400000006
,15.10361111111111,39.72525,115.91691,4570.0,346.842558
,15.104722222222222,39.7303,115.91177,4600.0,346.89114900000004
,15.105833333333333,39.735355,115.90627,4630.0,356.51216700000003
,15.106944444444444,39.74069,115.9004,4690.0,377.989389
,15.108055555555556,39.745743,115.8949,4720.0,356.41498500000006
,15.109444444444444,39.751076,115.8894,4750.0,368.1740070000001
,15.110555555555555,39.75641,115.88353,4790.0,377.9407980000001
,15.111666666666666,39.761463,115.87802,4820.0,356.65794000000005
,15.112777777777778,39.766796,115.872154,4880.0,377.746434
,15.113888888888889,39.77241,115.86665,4910.0,380.224575
,15.115,39.778027,115.86078,4970.0,389.69982000000005
,15.116388888888888,39.78336,115.85491,5000.0,377.843616
,15.1175,39.788692,115.849045,5060.0,377.64925200000005
,15.118611111111111,39.794308,115.84317,5120.0,389.74841100000003
,15.119722222222222,39.79964,115.83767,5150.0,368.028234
,15.120833333333334,39.805256,115.8318,5210.0,389.602638
,15.121944444444445,39.81059,115.82593,5240.0,377.795025
,15.123055555555556,39.816204,115.82006,5270.0,389.505456
,15.124444444444444,39.82182,115.81419,5300.0,389.554047
,15.125555555555556,39.827713,115.80832,5330.0,401.36166000000003
,15.126666666666667,39.833607,115.80245,5360.0,401.36166000000003
,15.127777777777778,39.839222,115.796585,5390.0,389.359683
,15.12888888888889,39.844837,115.79071,5460.0,389.602638
,15.13,39.85073,115.78484,5490.0,401.313069
,15.131388888888889,39.85663,115.77898,5520.0,401.313069
,15.1325,39.862522,115.7731,5580.0,401.45884200000006
,15.13361111111111,39.868137,115.767235,5640.0,389.26250100000004
,15.134722222222221,39.87403,115.76137,5700.0,401.11870500000003
,15.135833333333332,39.879646,115.75549,5730.0,389.69982000000005
,15.136944444444444,39.885544,115.74999,5790.0,392.27514300000007
,15.139444444444443,39.897896,115.737885,5910.0,835.959564
,15.140555555555554,39.90379,115.73202,5940.0,401.07011400000005
,15.141666666666666,39.909966,115.72615,5970.0,413.412228
,15.142777777777777,39.91614,115.720276,6000.0,413.412228
,15.143888888888888,39.9226,115.71368,6000.0,443.830194
,15.145277777777777,39.92821,115.707436,6000.0,398.98070100000007
,15.146388888888888,39.934387,115.7012,6000.0,422.54733600000003
,15.147499999999999,39.940285,115.6946,6000.0,420.3607410000001
,15.14861111111111,39.94618,115.687996,6000.0,420.3607410000001
,15.149722222222222,39.952076,115.68102,6000.0,430.56485100000003
,15.150833333333333,39.957687,115.67479,6000.0,398.54338200000007
,15.151944444444444,39.963303,115.66819,6000.0,408.84467400000005
,15.153333333333334,39.968918,115.66122,6000.0,419.1945570000001
,15.154444444444445,39.974533,115.65498,6000.0,398.93211
,15.155555555555557,39.98015,115.64838,6000.0,408.84467400000005
,15.156666666666666,39.98548,115.64214,6000.0,387.318861
,15.157777777777778,39.990532,115.6359,6000.0,376.240113
,15.158888888888889,39.996147,115.62967,6000.0,398.64056400000004
,15.160277777777779,40.001762,115.62306,6000.0,408.990447
,15.161388888888888,40.007378,115.61683,6000.0,398.64056400000004
,15.1625,40.01271,115.61059,6000.0,387.318861
,15.163611111111111,40.018044,115.60472,6000.0,377.309115
,15.164722222222222,40.02366,115.598854,6040.0,389.019546
,15.165833333333333,40.02899,115.59261,6100.0,387.318861
,15.167222222222222,40.03489,115.58638,6130.0,410.39958600000006
,15.168333333333333,40.040222,115.58051,6190.0,377.211933
,15.169444444444444,40.045555,115.57427,6220.0,387.2702700000001
,15.170555555555556,40.05117,115.568405,6280.0,388.873773
,15.171666666666667,40.056786,115.562164,6310.0,398.83492800000005
,15.172777777777776,40.0624,115.5563,6340.0,388.77659100000005
,15.174166666666666,40.067734,115.550064,6370.0,387.17308800000006
,15.175277777777778,40.073627,115.54309,6400.0,430.03035000000006
,15.176388888888889,40.078682,115.53759,6430.0,355.78330200000005
,15.1775,40.084576,115.53135,6490.0,410.3024040000001
,15.17861111111111,40.09019,115.525116,6520.0,398.44620000000003
,15.18,40.095806,115.51888,6550.0,398.59197300000005
,15.181111111111111,40.10086,115.51191,6580.0,397.377198
,15.182222222222222,40.105633,115.50457,6610.0,398.59197300000005
,15.183333333333334,40.10984,115.49687,6680.0,391.49768700000004
,15.184444444444445,40.113773,115.488434,6710.0,408.69890100000003
,15.185555555555556,40.11686,115.47963,6800.0,400.632795
,15.186944444444444,40.119385,115.47046,6830.0,403.159527
,15.188055555555556,40.12163,115.46128,6890.0,398.64056400000004
,15.189166666666667,40.123035,115.451744,6920.0,401.701797
,15.190277777777778,40.12416,115.44221,6980.0,399.02929200000005
,15.19138888888889,40.12472,115.432304,7010.0,410.83690500000006
,15.1925,40.12472,115.42277,7070.0,394.31596500000006
,15.193888888888889,40.12416,115.41323,7130.0,395.72510400000004
,15.195,40.123596,115.40369,7160.0,395.77369500000003
,15.196111111111112,40.122757,115.39415,7220.0,397.182834
,15.197222222222223,40.122192,115.38461,7250.0,395.77369500000003
,15.198333333333334,40.121914,115.37544,7320.0,379.59289200000006
,15.199444444444445,40.121914,115.365906,7350.0,394.364556
,15.200555555555555,40.121914,115.35637,7410.0,394.41314700000004
,15.201944444444443,40.121914,115.3472,7440.0,379.301346
,15.203055555555554,40.121914,115.337654,7500.0,394.85046600000004
,15.204166666666666,40.121914,115.32848,7530.0,379.44711900000004
,15.205277777777777,40.122757,115.320045,7560.0,351.847431
,15.206388888888888,40.122757,115.31051,7590.0,394.364556
,15.2075,40.122475,115.30097,7680.0,394.899057
,15.208888888888888,40.122475,115.291435,7710.0,394.364556
,15.209999999999999,40.122475,115.2819,7740.0,394.364556
,15.21111111111111,40.122475,115.27273,7740.0,379.301346
,15.212222222222222,40.122475,115.26318,7770.0,394.99623900000006
,15.213333333333333,40.122757,115.25365,7800.0,394.461738
,15.214444444444444,40.123035,115.24411,7830.0,394.899057
,15.215833333333332,40.122757,115.23457,7860.0,394.899057
,15.216944444444444,40.123035,115.22467,7860.0,409.76790300000005
,15.218055555555555,40.12388,115.21513,7890.0,397.23142500000006
,15.219166666666666,40.12388,115.20559,7920.0,394.60751100000004
,15.220277777777778,40.12388,115.19569,7960.0,409.476357
,15.221388888888889,40.12388,115.18578,7960.0,409.865085
,15.222777777777777,40.12388,115.17625,7990.0,394.17019200000004
,15.223888888888888,40.123596,115.1667,8020.0,395.28778500000004
,15.225,40.12388,115.1568,8050.0,409.76790300000005
,15.226111111111111,40.12388,115.1469,8080.0,409.476357
,15.227222222222222,40.12416,115.13736,8110.0,394.85046600000004
,15.228333333333333,40.12416,115.12746,8140.0,409.476357
,15.229444444444445,40.12444,115.117546,8170.0,410.35099500000007
,15.230833333333333,40.12472,115.10728,8260.0,424.879704
,15.231944444444444,40.125,115.097374,8290.0,410.01085800000004
,15.233055555555556,40.125,115.08784,8350.0,394.31596500000006
,15.234166666666665,40.125282,115.07793,8380.0,410.156631
,15.235277777777776,40.125282,115.06839,8410.0,394.55892000000006
,15.236388888888888,40.125,115.05885,8410.0,394.85046600000004
,15.237777777777778,40.125282,115.04932,8410.0,394.461738
,15.238888888888889,40.12556,115.03941,8410.0,410.156631
,15.239999999999998,40.12556,115.0295,8410.0,409.865085
,15.24111111111111,40.12556,115.019966,8410.0,394.31596500000006
,15.242222222222221,40.12556,115.01006,8410.0,409.71931200000006
,15.243333333333332,40.12556,115.00016,8410.0,409.476357
,15.24472222222222,40.12556,114.990616,8410.0,394.753284
,15.245833333333332,40.12556,114.98108,8410.0,394.41314700000004
,15.246944444444443,40.125843,114.97154,8410.0,394.85046600000004
,15.248055555555554,40.125843,114.962006,8410.0,394.31596500000006
,15.249166666666666,40.126125,114.9521,8410.0,410.01085800000004
,15.250277777777777,40.126404,114.94219,8410.0,410.156631
,15.251666666666667,40.126404,114.932655,8410.0,394.364556
,15.252777777777778,40.126404,114.92275,8410.0,409.670721
,15.25388888888889,40.126686,114.91285,8410.0,409.71931200000006
,15.255,40.126686,114.90331,8410.0,394.55892000000006
,15.25611111111111,40.126965,114.89377,8410.0,394.85046600000004
,15.257222222222222,40.127247,114.88423,8410.0,394.85046600000004
,15.258333333333333,40.126965,114.874695,8410.0,394.65610200000003
,15.259722222222223,40.126965,114.86516,8410.0,394.364556
,15.260833333333334,40.126965,114.855255,8410.0,409.670721
,15.261944444444444,40.126965,114.845345,8410.0,409.865085
,15.263055555555555,40.127247,114.83581,8410.0,394.65610200000003
,15.264166666666666,40.12753,114.82627,8410.0,394.85046600000004
,15.265277777777778,40.127808,114.816734,8410.0,394.7046930000001
,15.266666666666667,40.127808,114.8072,8410.0,394.31596500000006
,15.267777777777779,40.12837,114.79729,8410.0,410.9826780000001
,15.26888888888889,40.12837,114.78775,8410.0,394.55892000000006
,15.270000000000001,40.12837,114.77785,8410.0,409.4277660000001
,15.271111111111113,40.12809,114.76831,8410.0,394.85046600000004
,15.272222222222224,40.12809,114.75877,8410.0,394.55892000000006
,15.273611111111112,40.12809,114.74924,8410.0,394.17019200000004
,15.274722222222223,40.12809,114.73969,8410.0,394.99623900000006
,15.275833333333335,40.12809,114.730156,8410.0,394.31596500000006
,15.276944444444446,40.12809,114.72025,8410.0,409.71931200000006
,15.278055555555556,40.12865,114.71072,8410.0,395.28778500000004
,15.279166666666667,40.12865,114.70081,8410.0,409.865085
,15.280555555555557,40.128933,114.69127,8410.0,394.85046600000004
,15.281666666666668,40.128933,114.681366,8410.0,409.62212999999997
,15.28277777777778,40.128933,114.67146,8410.0,409.670721
,15.283888888888889,40.12921,114.66193,8410.0,394.41314700000004
,15.285,40.12921,114.65239,8410.0,394.55892000000006
,15.286111111111111,40.12921,114.642845,8410.0,394.753284
,15.287222222222223,40.12921,114.63331,8410.0,394.364556
,15.288611111111111,40.12921,114.62377,8410.0,394.55892000000006
,15.289722222222222,40.129772,114.614235,8410.0,395.53074
,15.290833333333333,40.129494,114.60433,8410.0,409.91367600000007
,15.291944444444445,40.129494,114.59479,8410.0,394.55892000000006
,15.293055555555556,40.129494,114.584885,8410.0,409.670721
,15.294166666666667,40.129772,114.57498,8410.0,409.91367600000007
,15.295555555555556,40.129494,114.56508,8410.0,409.71931200000006
,15.296666666666667,40.12921,114.55591,8410.0,379.544301
,15.297777777777778,40.127808,114.546,8410.0,416.813598
,15.29888888888889,40.126404,114.53646,8410.0,401.798979
,15.3,40.123596,114.52766,8410.0,394.41314700000004
,15.301111111111112,40.120228,114.51885,8410.0,407.3869440000001
,15.3025,40.1163,114.51078,8410.0,395.67651300000006
,15.303611111111111,40.11237,114.50234,8410.0,408.747492
,15.304722222222223,40.107315,114.49538,8410.0,397.08565200000004
,15.305833333333334,40.10142,114.4884,8410.0,430.176123
,15.306944444444445,40.094963,114.481804,8410.0,443.24710200000004
,15.308055555555557,40.08851,114.47667,8410.0,408.601719
,15.309444444444445,40.08205,114.47227,8410.0,394.024419
,15.310555555555556,40.075874,114.467865,8410.0,380.56471200000004
,15.312777777777779,40.060715,114.46199,8410.0,855.2501910000001
,15.31388888888889,40.052013,114.45869,8410.0,490.137417
,15.315000000000001,40.044712,114.456856,8410.0,402.13911600000006
,15.316111111111113,40.03657,114.455025,8410.0,446.891427
,15.317222222222222,40.02843,114.45172,8410.0,461.07999900000004
,15.31861111111111,40.020573,114.448784,8410.0,442.032327
,15.319722222222222,40.012432,114.44622,8410.0,452.96530200000007
,15.320833333333333,40.005413,114.44328,8410.0,398.737746
,15.321944444444444,39.997833,114.440346,8410.0,427.64939100000004
,15.323055555555555,39.990532,114.43705,8410.0,417.8826
,15.324166666666667,39.983517,114.43375,8410.0,403.353891
,15.325555555555555,39.975937,114.42971,8410.0,442.90696500000007
,15.326666666666666,39.968075,114.42641,8410.0,446.74565400000006
,15.327777777777778,39.961338,114.42347,8410.0,384.257628
,15.328888888888889,39.95432,114.41944,8410.0,414.772776
,15.33,39.947304,114.41724,8410.0,390.33150300000005
,15.331111111111111,39.940002,114.4143,8410.0,413.36363700000004
,15.332222222222223,39.932983,114.41026,8410.0,415.015731
,15.33361111111111,39.925686,114.4066,8410.0,422.887473
,15.334722222222222,39.91839,114.40366,8410.0,413.072091
,15.335833333333333,39.911087,114.40036,8410.0,418.07696400000003
,15.336944444444445,39.90379,114.39669,8410.0,423.081837
,15.338055555555556,39.89621,114.393394,8410.0,432.216945
,15.339166666666667,39.88919,114.39009,8410.0,403.742619
,15.340555555555556,39.881893,114.38715,8410.0,413.120682
,15.341666666666667,39.874313,114.383484,8410.0,437.319
,15.342777777777778,39.867294,114.38019,8410.0,403.54825500000004
,15.34388888888889,39.859997,114.376884,8410.0,417.8826
,15.345,39.8527,114.37395,8410.0,413.072091
,15.346111111111112,39.845398,114.37028,8410.0,423.373383
,15.3475,39.83838,114.36735,8410.0,398.64056400000004
,15.348611111111111,39.830803,114.364044,8410.0,432.26553600000005
,15.349722222222223,39.8235,114.36111,8410.0,413.412228
,15.350833333333332,39.816204,114.35781,8410.0,417.78541800000005
,15.351944444444444,39.809185,114.35487,8410.0,398.83492800000005
,15.353055555555555,39.802166,114.35157,8410.0,403.69402800000006
,15.354444444444445,39.79487,114.34827,8410.0,417.78541800000005
,15.355555555555556,39.78785,114.34497,8410.0,403.742619
,15.356666666666666,39.780552,114.34167,8410.0,417.93119100000007
,15.357777777777777,39.77269,114.338,8410.0,451.799118
,15.358888888888888,39.765953,114.334694,8410.0,389.45686500000005
,15.36,39.758656,114.331764,8410.0,413.072091
,15.36111111111111,39.751354,114.32846,8410.0,418.17414600000006
,15.362499999999999,39.744057,114.32516,8410.0,417.8826
,15.36361111111111,39.737038,114.32185,8410.0,403.839801
,15.364722222222222,39.730022,114.318924,8410.0,398.54338200000007
,15.365833333333333,39.723003,114.31562,8410.0,403.79121000000004
,15.366944444444444,39.715702,114.31268,8410.0,413.412228
,15.368055555555555,39.708405,114.30939,8410.0,417.78541800000005
,15.369444444444445,39.700825,114.30608,8410.0,432.50849100000005
,15.370555555555557,39.693806,114.30278,8410.0,403.742619
,15.371666666666668,39.68679,114.29911,8410.0,409.08762900000005
,15.372777777777777,39.67949,114.29544,8410.0,423.373383
,15.373888888888889,39.672752,114.29104,8410.0,407.92144500000006
,15.375,39.666016,114.28554,8410.0,430.370487
,15.37638888888889,39.660683,114.27967,8410.0,378.086571
,15.377500000000001,39.654785,114.27306,8410.0,421.38115200000004
,15.37861111111111,39.650013,114.26573,8410.0,399.758157
,15.379722222222222,39.644962,114.25876,8410.0,398.64056400000004
,15.380833333333333,39.639626,114.251785,8410.0,409.52494800000005
,15.381944444444445,39.634853,114.24409,8410.0,411.56577
,15.383333333333333,39.63008,114.23675,8410.0,400.19547600000004
,15.384444444444444,39.62531,114.229774,8410.0,388.630818
,15.385555555555555,39.620537,114.22244,8410.0,400.049703
,15.386666666666667,39.615204,114.215836,8410.0,398.64056400000004
,15.387777777777778,39.61015,114.20887,8410.0,398.737746
,15.38888888888889,39.604816,114.2019,8410.0,409.4277660000001
,15.389999999999999,39.599483,114.1953,8410.0,398.59197300000005
,15.391388888888889,39.59415,114.188324,8410.0,409.57353900000004
,15.3925,39.58938,114.180984,8410.0,400.24406700000003
,15.393611111111111,39.584045,114.174385,8410.0,398.6891550000001
,15.39472222222222,39.57871,114.16741,8410.0,409.670721
,15.395833333333332,39.573658,114.16081,8410.0,387.8047710000001
,15.396944444444443,39.56832,114.15384,8410.0,409.670721
,15.398333333333333,39.56327,114.1465,8410.0,410.25381300000004
,15.399444444444445,39.557373,114.1399,8410.0,421.28397
,15.400555555555556,39.552322,114.13329,8410.0,388.144908
,15.401666666666667,39.547268,114.12633,8410.0,398.737746
,15.402777777777779,39.541935,114.119354,8410.0,409.71931200000006
,15.40388888888889,39.536602,114.11239,8410.0,409.37917500000003
,15.405277777777778,39.53183,114.105415,8410.0,388.97095500000006
,15.40638888888889,39.526775,114.09845,8410.0,398.98070100000007
,15.4075,39.52172,114.09148,8410.0,399.1750650000001
,15.408611111111112,39.51667,114.0845,8410.0,399.32083800000004
,15.409722222222223,39.511337,114.07754,8410.0,409.3305840000001
,15.410833333333334,39.506283,114.070564,8410.0,399.36942899999997
,15.412222222222223,39.50095,114.0636,8410.0,409.52494800000005
,15.413333333333334,39.495895,114.056625,8410.0,399.41802
,15.414444444444445,39.490845,114.04965,8410.0,399.223656
,15.415555555555557,39.48523,114.04269,8410.0,420.31215000000003
,15.416666666666666,39.480457,114.03571,8410.0,389.31109200000003
,15.417777777777777,39.474842,114.02838,8410.0,431.147943
,15.418888888888889,39.469788,114.021774,8410.0,388.339272
,15.420277777777777,39.464737,114.01481,8410.0,399.02929200000005
,15.421388888888888,39.4594,114.007835,8410.0,410.1080400000001
,15.4225,39.454628,114.00086,8410.0,389.21391000000006
,15.42361111111111,39.449295,113.9939,8410.0,409.52494800000005
,15.424722222222222,39.444244,113.98656,8410.0,410.642541
,15.425833333333333,39.43863,113.97959,8410.0,420.70087800000005
,15.427222222222222,39.433575,113.97225,8410.0,410.83690500000006
,15.428333333333333,39.429363,113.96528,8410.0,369.7289190000001
,15.429444444444444,39.42403,113.95831,8410.0,409.91367600000007
,15.430555555555555,39.418697,113.95134,8410.0,409.91367600000007
,15.431666666666667,39.413643,113.94437,8410.0,399.4666110000001
,15.432777777777778,39.40831,113.937035,8410.0,420.94383300000004
,15.434166666666666,39.40382,113.93006,8410.0,379.44711900000004
,15.435277777777777,39.398483,113.923096,8410.0,409.96226700000005
,15.436388888888889,39.39315,113.91612,8410.0,410.156631
,15.4375,39.388096,113.90878,8410.0,410.93408700000003
,15.438611111111111,39.383045,113.90182,8410.0,399.12647400000003
,15.439722222222223,39.37799,113.894844,8410.0,399.806748
,15.44111111111111,39.37322,113.88788,8410.0,389.06813700000004
,15.442222222222222,39.367886,113.880905,8410.0,410.25381300000004
,15.443333333333333,39.363113,113.873566,8410.0,401.07011400000005
,15.444444444444445,39.35778,113.866234,8410.0,420.992424
,15.445555555555556,39.35301,113.85926,8410.0,389.408274
,15.446666666666667,39.347954,113.852295,8410.0,399.5637930000001
,15.447777777777778,39.3429,113.84532,8410.0,399.806748
,15.449166666666667,39.33785,113.83835,8410.0,399.5637930000001
,15.450277777777776,39.332516,113.83175,8410.0,399.36942899999997
,15.451388888888888,39.32746,113.824776,8410.0,399.90393
,15.452499999999999,39.322407,113.81781,8410.0,399.5637930000001
,15.45361111111111,39.317635,113.81047,8410.0,401.215887
,15.454722222222221,39.312862,113.80313,8410.0,401.26447800000005
,15.45611111111111,39.30753,113.796165,8410.0,410.05944900000003
,15.45722222222222,39.302197,113.78919,8410.0,410.39958600000006
,15.458333333333332,39.29658,113.78186,8410.0,431.779626
,15.459444444444443,39.29181,113.77489,8410.0,389.505456
,15.460555555555555,39.286755,113.767914,8410.0,400.049703
,15.461666666666666,39.28086,113.76095,8410.0,432.07117200000005
,15.463055555555554,39.27609,113.75434,8410.0,378.378117
,15.464166666666666,39.271317,113.747375,8410.0,389.505456
,15.465277777777777,39.266544,113.740036,8410.0,401.36166000000003
,15.466388888888888,39.26093,113.73306,8410.0,421.38115200000004
,15.4675,39.255875,113.72573,8410.0,411.12845100000004
,15.46861111111111,39.251102,113.71876,8410.0,389.74841100000003
,15.469722222222222,39.24633,113.71179,8410.0,389.69982000000005
,15.471111111111112,39.240997,113.705185,8410.0,399.70956600000005
,15.472222222222223,39.235664,113.697845,8410.0,421.6241070000001
,15.473333333333333,39.23061,113.69088,8410.0,399.855339
,15.474444444444444,39.225277,113.68354,8410.0,421.672698
,15.475555555555555,39.220505,113.676575,8410.0,389.651229
,15.476666666666667,39.215733,113.669235,8410.0,401.55602400000004
,15.478055555555555,39.21096,113.66226,8410.0,389.991366
,15.479166666666666,39.205906,113.65493,8410.0,411.2256330000001
,15.480277777777777,39.200573,113.64796,8410.0,410.59395000000006
,15.481388888888889,39.19552,113.64136,8410.0,388.922364
,15.4825,39.190468,113.634384,8410.0,400.24406700000003
,15.48361111111111,39.185974,113.62741,8410.0,380.224575
,15.485,39.18008,113.62008,8410.0,442.80978300000004
,15.48611111111111,39.175026,113.613106,8410.0,400.292658
,15.487222222222222,39.170254,113.60614,8410.0,389.797002
,15.488333333333333,39.16548,113.5988,8410.0,401.798979
,15.489444444444443,39.16015,113.59183,8410.0,410.59395000000006
,15.490555555555554,39.153973,113.58523,8410.0,433.9176300000001
,15.491944444444444,39.149483,113.57789,8410.0,392.12937000000005
,15.493055555555555,39.14443,113.57092,8410.0,400.24406700000003
,15.494166666666667,39.139656,113.56358,8410.0,401.896161
,15.495277777777776,39.134323,113.55661,8410.0,410.78831400000007
,15.496388888888887,39.12927,113.54928,8410.0,411.468588
,15.497499999999999,39.124496,113.54194,8410.0,401.94475200000005
,15.49861111111111,39.120007,113.534966,8410.0,380.273166
,15.5,39.115513,113.52763,8410.0,392.27514300000007
,15.501111111111111,39.110462,113.52066,8410.0,400.292658
,15.502222222222223,39.105125,113.513695,8410.0,410.83690500000006
,15.503333333333334,39.100075,113.50672,8410.0,400.43843100000004
,15.504444444444445,39.095303,113.49975,8410.0,390.18573000000004
,15.505555555555556,39.09053,113.49278,8410.0,390.2343210000001
,15.506944444444445,39.085194,113.48581,8410.0,411.031269
,15.508055555555556,39.080143,113.47848,8410.0,411.56577
,15.509166666666667,39.07481,113.47187,8410.0,400.292658
,15.510277777777778,39.070034,113.4649,8410.0,390.38009400000004
,15.511388888888888,39.064983,113.45793,8410.0,400.38984
,15.5125,39.05993,113.45059,8410.0,412.00308900000005
,15.51388888888889,39.054035,113.44363,8410.0,432.605673
,15.515,39.04898,113.43665,8410.0,400.92434099999997
,15.516111111111112,39.04449,113.42968,8410.0,380.418939
,15.517222222222223,39.039436,113.42235,8410.0,411.7601340000001
,15.518333333333334,39.034946,113.415375,8410.0,380.61330300000003
,15.519444444444446,39.02961,113.40804,8410.0,422.25579000000005
,15.520833333333334,39.02512,113.40107,8410.0,380.46753000000007
,15.521944444444445,39.020348,113.39373,8410.0,402.187707
,15.523055555555556,39.015015,113.3864,8410.0,422.0128350000001
,15.524166666666668,39.00996,113.37979,8410.0,389.797002
,15.525277777777779,39.005188,113.37245,8410.0,402.23629800000003
,15.52638888888889,38.999855,113.36512,8410.0,422.06142600000004
,15.527777777777779,38.99536,113.35778,8410.0,392.85823500000004
,15.52888888888889,38.99087,113.35044,8410.0,392.712462
,15.530000000000001,38.98638,113.34311,8410.0,392.37232500000005
,15.531111111111112,38.981045,113.336136,8410.0,411.419997
,15.532222222222224,38.975994,113.3288,8410.0,412.05168
,15.533333333333333,38.97094,113.321465,8410.0,412.148862
,15.534444444444444,38.965885,113.314125,8410.0,412.39181700000006
,15.535833333333333,38.95971,113.306786,8410.0,454.8117600000001
,15.536944444444444,38.95466,113.29909,8410.0,423.567747
,15.538055555555555,38.949604,113.292114,8410.0,401.11870500000003
,15.539166666666667,38.94427,113.284775,8410.0,422.54733600000003
,15.540277777777778,38.94062,113.27708,8410.0,379.20416400000005
,15.54138888888889,38.93585,113.26974,8410.0,402.43066200000004
,15.542777777777777,38.93136,113.2624,8410.0,392.906826
,15.543888888888889,38.926586,113.25543,8410.0,390.768822
,15.545,38.92097,113.24809,8410.0,433.237356
,15.546111111111111,38.915356,113.24113,8410.0,421.91565299999996
,15.547222222222222,38.91171,113.23379,8410.0,366.52191300000004
,15.548333333333334,38.906933,113.22608,8410.0,414.82136700000007
,15.549722222222222,38.90216,113.21912,8410.0,390.477276
,15.550833333333333,38.896828,113.21214,8410.0,411.71154300000006
,15.551944444444445,38.891495,113.20517,8410.0,411.468588
,15.553055555555556,38.88644,113.198204,8410.0,400.97293200000007
,15.554166666666667,38.88083,113.190865,8410.0,433.091583
,15.555277777777778,38.876057,113.1839,8410.0,390.72023100000007
,15.556666666666667,38.87128,113.17729,8410.0,379.787256
,15.557777777777778,38.865948,113.16995,8410.0,422.7902910000001
,15.55888888888889,38.860332,113.16262,8410.0,433.14017400000006
,15.56,38.856403,113.15565,8410.0,362.44026900000006
,15.561111111111112,38.85163,113.14868,8410.0,390.963186
,15.562222222222223,38.846016,113.14171,8410.0,422.40156300000007
,15.563333333333334,38.841244,113.13437,8410.0,402.81939
,15.564722222222223,38.83591,113.12777,8410.0,400.729977
,15.565833333333334,38.83142,113.12043,8410.0,393.24696300000005
,15.566944444444443,38.826366,113.11383,8410.0,389.991366
,15.568055555555555,38.82075,113.10649,8410.0,433.5289020000001
,15.569166666666666,38.8157,113.09915,8410.0,412.68336300000004
,15.570277777777777,38.810646,113.092186,8410.0,401.11870500000003
,15.571666666666667,38.805874,113.08448,8410.0,414.869958
,15.572777777777777,38.8011,113.07751,8410.0,391.15755
,15.573888888888888,38.796047,113.07054,8410.0,401.313069
,15.575,38.791557,113.063934,8410.0,369.534555
,15.57611111111111,38.786785,113.057335,8410.0,379.544301
,15.577222222222222,38.781452,113.049995,8410.0,423.081837
,15.57861111111111,38.77668,113.042656,8410.0,402.965163
,15.579722222222221,38.771904,113.03606,8410.0,379.641483
,15.580833333333333,38.766853,113.02908,8410.0,401.604615
,15.581944444444444,38.76152,113.02212,8410.0,411.56577
,15.583055555555555,38.756466,113.01441,8410.0,424.831113
,15.584166666666667,38.75141,113.00744,8410.0,401.55602400000004
,15.585555555555556,38.74664,113.00047,8410.0,391.20614100000006
,15.586666666666668,38.741867,112.9935,8410.0,391.30332300000003
,15.587777777777779,38.736816,112.986534,8410.0,401.26447800000005
,15.58888888888889,38.731762,112.979195,8410.0,413.072091
,15.59,38.726707,112.97222,8410.0,401.75038800000004
,15.591111111111111,38.721935,112.96489,8410.0,402.867981
,15.592222222222222,38.716602,112.95792,8410.0,412.00308900000005
,15.593611111111112,38.71183,112.95095,8410.0,391.351914
,15.594722222222222,38.706776,112.94398,8410.0,401.604615
,15.595833333333333,38.701443,112.937004,8410.0,412.24604400000004
,15.596944444444444,38.696392,112.93004,8410.0,401.36166000000003
,15.598055555555556,38.691338,112.9238,8410.0,379.641483
,15.599166666666667,38.685722,112.9172,8410.0,412.24604400000004
,15.600555555555555,38.67983,112.91059,8410.0,423.66492900000003
,15.601666666666667,38.674213,112.904724,8410.0,392.032188
,15.602777777777778,38.66888,112.89886,8410.0,380.175984
,15.60388888888889,38.663265,112.89298,8410.0,392.323734
,15.605,38.65709,112.887115,8410.0,415.84177800000003
,15.60611111111111,38.650913,112.88125,8410.0,415.93896
,15.6075,38.64502,112.87574,8410.0,394.7046930000001
,15.608611111111111,38.639122,112.87024,8410.0,394.7046930000001
,15.609722222222222,38.633507,112.86474,8410.0,382.4111700000001
,15.610833333333334,38.627052,112.85887,8410.0,428.28107400000005
,15.611944444444443,38.620876,112.853,8410.0,416.084733
,15.613055555555555,38.61498,112.847496,8410.0,394.753284
,15.614444444444445,38.609085,112.841995,8410.0,394.65610200000003
,15.615555555555556,38.60291,112.836494,8410.0,406.99821600000007
,15.616666666666667,38.597015,112.830986,8410.0,394.85046600000004
,15.617777777777778,38.59084,112.82512,8410.0,416.036142
,15.61888888888889,38.58494,112.81962,8410.0,394.85046600000004
,15.620000000000001,38.578766,112.81411,8410.0,407.19258
,15.621111111111112,38.57231,112.80861,8410.0,419.5832850000001
,15.6225,38.565853,112.80384,8410.0,403.353891
,15.623611111111112,38.558834,112.799805,8410.0,416.27909700000004
,15.624722222222223,38.552097,112.79577,8410.0,402.382071
,15.625833333333334,38.54536,112.79247,8410.0,390.2343210000001
,15.626944444444446,38.538063,112.789536,8410.0,413.75236500000005
,15.628055555555555,38.53076,112.7866,8410.0,414.092502
,15.629444444444445,38.523746,112.78293,8410.0,409.96226700000005
,15.630555555555556,38.516445,112.780365,8410.0,409.57353900000004
,15.631666666666668,38.509148,112.777794,8410.0,409.4277660000001
,15.632777777777779,38.501846,112.77449,8410.0,419.000193
,15.633888888888889,38.49455,112.77156,8410.0,413.703774
,15.635,38.48697,112.76862,8410.0,428.47543800000005
,15.636388888888888,38.47995,112.76532,8410.0,404.617257
,15.6375,38.472935,112.762024,8410.0,404.325711
,15.63861111111111,38.465633,112.75909,8410.0,414.04391100000004
,15.639722222222222,38.458897,112.75578,8410.0,390.38009400000004
,15.640833333333333,38.4516,112.75248,8410.0,418.70864700000004
,15.641944444444444,38.44458,112.74955,8410.0,399.51520200000004
,15.643333333333333,38.437843,112.74625,8410.0,390.33150300000005
,15.644444444444444,38.430546,112.74294,8410.0,418.90301100000005
,15.645555555555555,38.422966,112.74001,8410.0,428.3782560000001
,15.646666666666667,38.415947,112.73634,8410.0,410.3024040000001
,15.647777777777778,38.408646,112.73304,8410.0,418.95160200000004
,15.648888888888889,38.40163,112.72974,8410.0,404.4714840000001
,15.65,38.39461,112.72681,8410.0,399.51520200000004
,15.651388888888889,38.387314,112.7235,8410.0,418.85442
,15.6525,38.380013,112.71983,8410.0,424.49097600000005
,15.653611111111111,38.372993,112.71653,8410.0,404.66584800000004
,15.654722222222222,38.365696,112.71286,8410.0,424.29661200000004
,15.655833333333334,38.358677,112.709564,8410.0,404.56866600000006
,15.656944444444445,38.35166,112.70626,8410.0,404.617257
,15.658333333333333,38.34492,112.70259,8410.0,396.40537800000004
,15.659444444444444,38.337624,112.69929,8410.0,418.75723800000003
,15.660555555555556,38.330605,112.69636,8410.0,399.51520200000004
,15.661666666666667,38.323307,112.69269,8410.0,424.34520299999997
,15.662777777777778,38.316288,112.689384,8410.0,404.76303
,15.66388888888889,38.30927,112.68645,8410.0,399.51520200000004
,15.665277777777778,38.302254,112.68315,8410.0,404.520075
,15.66638888888889,38.294952,112.67948,8410.0,424.5881580000001
,15.667499999999999,38.287937,112.67618,8410.0,404.4714840000001
,15.66861111111111,38.28092,112.672874,8410.0,404.66584800000004
,15.669722222222221,38.273617,112.66958,8410.0,419.04878400000007
,15.670833333333333,38.2666,112.66664,8410.0,399.5637930000001
,15.672222222222222,38.259583,112.663704,8410.0,399.51520200000004
,15.673333333333332,38.252003,112.6604,8410.0,433.38312900000005
,15.674444444444443,38.244984,112.65674,8410.0,410.25381300000004
,15.675555555555555,38.23797,112.65307,8410.0,410.20522200000005
,15.676666666666666,38.23039,112.6494,8410.0,438.67954800000007
,15.677777777777777,38.22337,112.64683,8410.0,395.0934210000001
,15.678888888888888,38.21635,112.64353,8410.0,404.811621
,15.680277777777777,38.20933,112.63986,8410.0,410.4967680000001
,15.681388888888888,38.20175,112.63619,8410.0,438.67954800000007
,15.6825,38.194454,112.63289,8410.0,418.85442
,15.68361111111111,38.187157,112.62922,8410.0,424.44238500000006
,15.684722222222222,38.179855,112.62629,8410.0,414.141093
,15.685833333333333,38.171997,112.622986,8410.0,447.668883
,15.687222222222223,38.164417,112.61968,8410.0,433.4317200000001
,15.688333333333334,38.15768,112.61601,8410.0,396.45396900000003
,15.689444444444444,38.15066,112.61235,8410.0,410.39958600000006
,15.690555555555555,38.143364,112.60868,8410.0,424.393794
,15.691666666666666,38.136063,112.60538,8410.0,419.14596600000004
,15.692777777777778,38.129044,112.60207,8410.0,404.9573940000001
,15.694166666666668,38.121746,112.59877,8410.0,419.000193
,15.695277777777777,38.11445,112.59511,8410.0,424.29661200000004
,15.696388888888889,38.10687,112.591805,8410.0,433.48031100000003
,15.6975,38.09929,112.5885,8410.0,433.48031100000003
,15.698611111111111,38.09227,112.58556,8410.0,399.806748
,15.699722222222222,38.085533,112.58227,8410.0,390.38009400000004
,15.70111111111111,38.078236,112.578964,8410.0,419.04878400000007
,15.702222222222222,38.070934,112.57603,8410.0,414.23827500000004
,15.703333333333333,38.063637,112.57236,8410.0,424.53956700000003
,15.704444444444444,38.056057,112.56906,8410.0,433.4317200000001
,15.705555555555556,38.04876,112.566124,8410.0,414.04391100000004
,15.706666666666665,38.04174,112.562454,8410.0,410.642541
,15.707777777777777,38.03444,112.55915,8410.0,419.1945570000001
,15.709166666666667,38.02714,112.55622,8410.0,414.141093
,15.710277777777778,38.01956,112.55255,8410.0,438.82532100000003
,15.711388888888887,38.012825,112.54925,8410.0,390.525867
,15.712499999999999,38.005527,112.545944,8410.0,419.14596600000004
,15.71361111111111,37.997948,112.54265,8410.0,433.33453800000007
,15.714722222222221,37.990646,112.539345,8410.0,419.34033000000005
,15.716111111111111,37.98335,112.53604,8410.0,419.04878400000007
,15.717222222222222,37.97633,112.53274,8410.0,404.9573940000001
,15.718333333333334,37.96931,112.52944,8410.0,404.9573940000001
,15.719444444444445,37.962296,112.52614,8410.0,404.66584800000004
,15.720555555555556,37.954994,112.5232,8410.0,414.384048
,15.721666666666668,37.947414,112.51953,8410.0,438.873912
,15.723055555555556,37.940117,112.516235,8410.0,419.000193
,15.724166666666667,37.933098,112.512566,8410.0,410.642541
,15.725277777777778,37.926083,112.508896,8410.0,410.4967680000001
,15.72638888888889,37.919064,112.505226,8410.0,410.691132
,15.727500000000001,37.911484,112.5023,8410.0,428.621211
,15.72861111111111,37.904186,112.49899,8410.0,419.29173900000006
,15.729722222222222,37.896885,112.49569,8410.0,419.29173900000006
,15.731111111111112,37.889587,112.492386,8410.0,419.1945570000001
,15.732222222222223,37.882286,112.48909,8410.0,419.243148
,15.733333333333333,37.87471,112.48579,8410.0,433.33453800000007
,15.734444444444444,37.86769,112.48248,8410.0,405.15175800000003
,15.735555555555555,37.860672,112.47918,8410.0,404.90880300000003
,15.736666666666666,37.853092,112.47625,8410.0,428.66980200000006
,15.738055555555555,37.845795,112.47258,8410.0,424.68534000000005
,15.739166666666666,37.838493,112.46928,8410.0,419.38892100000004
,15.740277777777777,37.831196,112.46597,8410.0,419.29173900000006
,15.741388888888888,37.82446,112.46194,8410.0,403.01375400000006
,15.7425,37.817158,112.457535,8410.0,437.513364
,15.743611111111111,37.810703,112.45277,8410.0,404.17993800000005
,15.745,37.803684,112.44763,8410.0,438.630957
,15.74611111111111,37.79751,112.44286,8410.0,391.25473200000005
,15.747222222222222,37.791054,112.43846,8410.0,396.6483330000001
,15.748333333333333,37.784878,112.432594,8410.0,417.688236
,15.749444444444444,37.77842,112.427086,8410.0,421.28397
,15.751666666666667,37.765507,112.41755,8410.0,808.7971950000002
,15.752777777777778,37.75877,112.412415,8410.0,425.4627960000001
,15.754166666666666,37.75203,112.40801,8410.0,410.35099500000007
,15.755277777777778,37.74473,112.403244,8410.0,444.36469500000004
,15.756388888888889,37.738277,112.39811,8410.0,412.39181700000006
,15.7575,37.73126,112.39334,8410.0,430.95357900000005
,15.758611111111112,37.7248,112.38821,8410.0,412.634772
,15.759722222222223,37.71778,112.38343,8410.0,431.293716
,15.761111111111111,37.711044,112.37866,8410.0,417.6396450000001
,15.762222222222222,37.70487,112.37353,8410.0,399.660975
,15.763333333333334,37.69813,112.36803,8410.0,433.966221
,15.764444444444445,37.691956,112.36289,8410.0,399.90393
,15.765555555555556,37.684937,112.35776,8410.0,438.582366
,15.766666666666667,37.67764,112.35299,8410.0,444.413286
,15.768055555555556,37.670902,112.34859,8410.0,410.25381300000004
,15.769166666666667,37.664165,112.34381,8410.0,417.93119100000007
,15.770277777777778,37.65799,112.337944,8410.0,417.93119100000007
,15.77138888888889,37.652092,112.33171,8410.0,415.98755100000005
,15.7725,37.64648,112.3251,8410.0,415.064322
,15.773611111111112,37.641144,112.31777,8410.0,426.48320700000005
,15.774722222222223,37.636093,112.311165,8410.0,393.29555400000004
,15.776111111111112,37.63132,112.30346,8410.0,419.04878400000007
,15.777222222222223,37.626266,112.29576,8410.0,428.42684700000007
,15.778333333333334,37.621212,112.288055,8410.0,428.621211
,15.779444444444445,37.616722,112.27998,8410.0,422.693109
,15.780555555555557,37.61223,112.271545,8410.0,435.521133
,15.781666666666668,37.60774,112.264206,8410.0,397.32860700000003
,15.783055555555556,37.60325,112.25577,8410.0,435.521133
,15.784166666666666,37.598476,112.2477,8380.0,431.63385300000004
,15.785277777777777,37.594543,112.240364,8380.0,379.641483
,15.786388888888888,37.590614,112.23266,8380.0,392.6638710000001
,15.7875,37.586124,112.22495,8380.0,410.1080400000001
,15.788611111111111,37.58163,112.21799,8380.0,384.8407200000001
,15.79,37.5777,112.21028,8410.0,392.955417
,15.79111111111111,37.573772,112.20368,8410.0,353.83966200000003
,15.792222222222222,37.56928,112.19671,8410.0,385.132266
,15.793333333333333,37.565628,112.18937,8410.0,371.57537700000006
,15.794444444444444,37.56142,112.183136,8410.0,351.06997500000006
,15.795555555555556,37.556927,112.17616,8410.0,385.42381200000005
,15.796944444444444,37.552437,112.16956,8410.0,372.93592500000005
,15.798055555555555,37.547943,112.16332,8410.0,361.51704000000007
,15.799166666666666,37.54373,112.15636,8410.0,375.55983900000007
