93,CHH7953054,B763,D,ZBAA,OMDB,36R       
,22.24388888888889,40.100018,116.59521,240.0,302.47897500000005
,22.245,40.10423,116.59411,300.0,232.31357100000002
,22.24638888888889,40.107876,116.59374,360.0,197.81396100000003
,22.247500000000002,40.111526,116.59264,390.0,202.62447000000003
,22.248611111111114,40.115456,116.59191,420.0,214.72362900000005
,22.249722222222225,40.119385,116.59117,480.0,214.72362900000005
,22.250833333333333,40.123318,116.590805,510.0,213.26589900000002
,22.251944444444444,40.12753,116.59007,540.0,229.83543
,22.253333333333334,40.13202,116.58971,600.0,243.34372800000003
,22.254444444444445,40.13595,116.588974,630.0,214.72362900000005
,22.255555555555556,40.14016,116.58824,690.0,229.738248
,22.256666666666668,40.144653,116.587875,720.0,243.48950100000002
,22.25777777777778,40.149143,116.58751,750.0,243.34372800000003
,22.25888888888889,40.153355,116.58714,780.0,228.329109
,22.260277777777777,40.157845,116.58677,810.0,243.34372800000003
,22.261388888888888,40.16234,116.5864,840.0,243.63527399999998
,22.2625,40.16655,116.58567,880.0,229.738248
,22.26361111111111,40.17132,116.585304,910.0,258.45552900000007
,22.264722222222222,40.17581,116.58494,910.0,243.34372800000003
,22.265833333333333,40.180584,116.58457,940.0,258.698484
,22.26722222222222,40.185356,116.58384,940.0,259.86466800000005
,22.26833333333333,40.19013,116.58311,970.0,260.010441
,22.269444444444442,40.195183,116.58311,1000.0,273.32437500000003
,22.270555555555553,40.200516,116.58311,1030.0,288.48476700000003
,22.271666666666665,40.20585,116.58311,1060.0,288.533358
,22.272777777777776,40.210903,116.58311,1090.0,273.32437500000003
,22.274166666666666,40.216236,116.58311,1120.0,288.48476700000003
,22.275277777777777,40.22157,116.58311,1150.0,288.533358
,22.27638888888889,40.226906,116.58274,1180.0,289.01926800000007
,22.2775,40.23224,116.58274,1210.0,288.533358
,22.27861111111111,40.237854,116.58237,1270.0,304.03388700000005
,22.279722222222222,40.243465,116.58237,1300.0,303.499386
,22.280833333333334,40.248802,116.582,1330.0,289.067859
,22.28222222222222,40.254696,116.582,1360.0,318.80555100000004
,22.283333333333335,40.26059,116.581635,1390.0,319.145688
,22.284444444444446,40.266487,116.581635,1420.0,318.99991500000004
,22.285555555555558,40.27238,116.58237,1450.0,320.21469
,22.28666666666667,40.277996,116.584206,1520.0,313.071813
,22.28777777777778,40.28389,116.58714,1580.0,341.011638
,22.289166666666667,40.289227,116.59117,1610.0,333.139896
,22.290277777777778,40.294,116.59595,1640.0,324.879426
,22.29138888888889,40.29849,116.60145,1670.0,332.36244000000005
,22.2925,40.302982,116.60768,1700.0,353.693889
,22.29361111111111,40.30663,116.614655,1730.0,348.88338
,22.294722222222223,40.309998,116.62199,1760.0,353.15938800000004
,22.296111111111113,40.312244,116.630424,1790.0,368.46555300000006
,22.297222222222224,40.31449,116.6385,1850.0,354.568527
,22.298333333333336,40.315334,116.6473,1880.0,365.793048
,22.299444444444447,40.31674,116.65574,1940.0,356.31780299999997
,22.300555555555555,40.31814,116.66381,1970.0,341.35177500000003
,22.301666666666666,40.31842,116.672615,2060.0,363.4606800000001
,22.303055555555556,40.31898,116.68142,2130.0,364.383909
,22.304166666666667,40.319824,116.68986,2160.0,351.06997500000006
,22.30527777777778,40.320667,116.69866,2190.0,365.793048
,22.30638888888889,40.32207,116.7071,2250.0,356.26921200000004
,22.3075,40.323193,116.71554,2310.0,353.305161
,22.308611111111112,40.324596,116.72361,2340.0,341.35177500000003
,22.309722222222224,40.325718,116.732414,2400.0,368.07682500000004
,22.311111111111114,40.327404,116.740845,2460.0,359.42762700000003
,22.31222222222222,40.328808,116.74965,2490.0,370.943694
,22.313333333333333,40.33021,116.75809,2550.0,356.17203
,22.314444444444444,40.331894,116.76689,2610.0,374.1021090000001
,22.315555555555555,40.333298,116.77533,2640.0,356.220621
,22.316666666666666,40.3347,116.784134,2700.0,370.846512
,22.318055555555556,40.336105,116.79294,2770.0,370.943694
,22.319166666666668,40.33779,116.80138,2830.0,359.719173
,22.32027777777778,40.339195,116.81018,2860.0,370.70073900000006
,22.32138888888889,40.340878,116.81862,2920.0,359.670582
,22.322499999999998,40.343124,116.82742,2950.0,382.60553400000003
,22.32361111111111,40.345932,116.83586,3010.0,379.641483
,22.325,40.34902,116.84393,3170.0,372.25565100000006
,22.32611111111111,40.35379,116.85164,3200.0,409.37917500000003
,22.327222222222222,40.359127,116.85824,3320.0,396.6483330000001
,22.328333333333333,40.364178,116.864845,3350.0,385.666767
,22.329444444444444,40.369232,116.87181,3410.0,396.40537800000004
,22.330555555555556,40.374004,116.878784,3470.0,386.29845000000006
,22.331944444444446,40.378777,116.88649,3510.0,409.23340199999996
,22.333055555555557,40.38355,116.89382,3540.0,397.32860700000003
,22.334166666666665,40.388603,116.90116,3540.0,407.629899
,22.335277777777776,40.393093,116.9085,3570.0,387.853362
,22.336388888888887,40.397865,116.9162,3600.0,408.9418560000001
,22.3375,40.402077,116.92317,3630.0,366.52191300000004
,22.33861111111111,40.406567,116.93051,3660.0,387.8047710000001
,22.34,40.41106,116.938576,3690.0,411.61436100000003
,22.34111111111111,40.415833,116.94665,3720.0,420.992424
,22.342222222222222,40.420605,116.95435,3780.0,408.89326500000004
,22.343333333333334,40.425095,116.962425,3810.0,411.7601340000001
,22.344444444444445,40.43015,116.97013,3870.0,418.8058290000001
,22.345555555555553,40.434643,116.97783,3900.0,399.4666110000001
,22.346944444444443,40.439415,116.985535,3960.0,408.9418560000001
,22.348055555555554,40.444187,116.992874,3990.0,397.377198
,22.349166666666665,40.449238,117.00058,4080.0,418.66005600000005
,22.35027777777778,40.454292,117.00828,4150.0,418.5628740000001
,22.35138888888889,40.459064,117.01598,4180.0,408.747492
,22.352500000000003,40.463837,117.024055,4240.0,420.84665100000007
,22.35388888888889,40.46861,117.031395,4270.0,397.377198
,22.355,40.47338,117.03946,4330.0,420.3607410000001
,22.35611111111111,40.478436,117.0468,4360.0,407.435535
,22.357222222222223,40.483208,117.05487,4390.0,420.5551050000001
,22.358333333333334,40.48826,117.06294,4450.0,429.981759
,22.359444444444446,40.49303,117.07065,4480.0,408.84467400000005
,22.360833333333336,40.497803,117.07835,4540.0,408.65031000000005
,22.361944444444447,40.502575,117.08642,4570.0,420.45792300000005
,22.363055555555558,40.507347,117.094124,4600.0,408.69890100000003
,22.36416666666667,40.51212,117.102196,4660.0,420.5551050000001
,22.36527777777778,40.51689,117.11027,4690.0,420.506514
,22.366388888888892,40.521667,117.11833,4720.0,420.26355900000004
,22.3675,40.52644,117.1264,4790.0,420.409332
,22.36888888888889,40.53121,117.134476,4820.0,420.506514
,22.37,40.535984,117.14255,4850.0,420.5551050000001
,22.371111111111112,40.540474,117.15062,4910.0,411.12845100000004
,22.372222222222224,40.54553,117.15869,5000.0,429.9331680000001
,22.373333333333335,40.5503,117.166756,5030.0,420.117786
,22.374444444444446,40.55535,117.17483,5060.0,429.787395
,22.375833333333333,40.560123,117.183266,5090.0,432.26553600000005
,22.376944444444444,40.564896,117.19134,5150.0,420.409332
,22.378055555555555,40.569668,117.19941,5180.0,420.21496800000006
,22.379166666666666,40.574444,117.20748,5210.0,420.31215000000003
,22.380277777777778,40.579494,117.215546,5270.0,429.4472580000001
,22.38138888888889,40.58399,117.22398,5300.0,423.324792
,22.38277777777778,40.58904,117.23169,5360.0,418.22273700000005
,22.383888888888887,40.59381,117.24013,5390.0,432.168354
,22.384999999999998,40.598583,117.2482,5430.0,420.117786
,22.38611111111111,40.603355,117.25664,5490.0,432.168354
,22.38722222222222,40.608128,117.26471,5520.0,420.117786
,22.388333333333332,40.6129,117.27277,5550.0,419.729058
,22.389722222222222,40.617672,117.28121,5580.0,432.11976300000003
,22.390833333333333,40.622444,117.28928,5640.0,420.020604
,22.391944444444444,40.6275,117.29772,5670.0,441.44923500000004
,22.393055555555556,40.632553,117.30543,5700.0,418.17414600000006
,22.394166666666667,40.63817,117.31313,5730.0,438.436593
,22.39527777777778,40.644062,117.31973,5790.0,418.27132800000004
,22.39638888888889,40.65052,117.32597,5820.0,433.14017400000006
,22.397777777777776,40.657257,117.33221,5850.0,445.385106
,22.398888888888887,40.663994,117.33771,5880.0,428.621211
,22.4,40.67129,117.342476,5910.0,440.428824
,22.40111111111111,40.67887,117.347244,5940.0,454.277259
,22.40222222222222,40.686172,117.35128,5940.0,428.28107400000005
,22.403333333333332,40.69403,117.35458,6000.0,446.06538000000006
,22.404722222222222,40.701893,117.357155,6040.0,438.24222900000007
,22.40583333333333,40.710033,117.360085,6070.0,456.41526300000004
,22.40694444444444,40.717613,117.36229,6100.0,419.87483100000003
,22.408055555555553,40.72547,117.36449,6130.0,434.45213100000007
,22.409166666666664,40.733334,117.36706,6160.0,438.24222900000007
,22.410277777777775,40.741474,117.369995,6190.0,456.41526300000004
,22.411666666666665,40.749054,117.372925,6220.0,427.21207200000003
,22.412777777777777,40.757195,117.375496,6250.0,452.77093800000006
,22.413888888888888,40.765053,117.37843,6280.0,441.7407810000001
,22.415,40.773197,117.381,6310.0,452.916711
,22.41611111111111,40.781055,117.38357,6340.0,437.90209200000004
,22.41722222222222,40.788918,117.3865,6370.0,441.93514500000003
,22.41861111111111,40.796776,117.389435,6400.0,441.69219000000004
,22.419722222222223,40.804916,117.39274,6430.0,460.64268
,22.420833333333334,40.81278,117.39567,6460.0,441.983736
,22.421944444444446,40.820637,117.398605,6490.0,441.64359900000005
,22.423055555555557,40.8285,117.40154,6520.0,441.983736
,22.424166666666668,40.836357,117.40447,6550.0,441.59500800000006
,22.42527777777778,40.8445,117.40704,6580.0,452.8681200000001
,22.42666666666667,40.85236,117.41035,6610.0,446.2111530000001
,22.42777777777778,40.8605,117.41328,6640.0,456.31808100000006
,22.42888888888889,40.868362,117.416214,6680.0,441.88655400000005
,22.43,40.87678,117.41915,6680.0,470.895381
,22.43111111111111,40.884926,117.421715,6710.0,452.96530200000007
,22.432222222222222,40.893345,117.42392,6740.0,464.23841400000003
,22.433611111111112,40.901485,117.42648,6770.0,452.57657400000005
,22.434722222222224,40.909626,117.429054,6800.0,452.77093800000006
,22.435833333333335,40.91805,117.431625,6830.0,467.6397840000001
,22.436944444444446,40.92619,117.43382,6860.0,449.369568
,22.438055555555557,40.934612,117.43603,6860.0,464.43277800000004
,22.439166666666665,40.943035,117.437126,6920.0,457.8244020000001
,22.440555555555555,40.951454,117.43859,6950.0,459.28213200000005
,22.441666666666666,40.959877,117.44006,6980.0,459.57367800000003
,22.442777777777778,40.9683,117.44153,7010.0,459.57367800000003
,22.44388888888889,40.976723,117.44336,7010.0,461.71168200000005
,22.445,40.98514,117.44483,7040.0,459.23354100000006
,22.44611111111111,40.993847,117.44703,7070.0,479.447397
,22.4475,41.001987,117.4496,7100.0,452.62516500000004
,22.448611111111113,41.010128,117.45216,7130.0,452.57657400000005
,22.449722222222224,41.01883,117.453636,7160.0,474.5397060000001
,22.450833333333332,41.02753,117.4551,7190.0,474.393933
,22.451944444444443,41.035954,117.45693,7220.0,461.76027300000004
,22.453055555555554,41.044094,117.460236,7250.0,460.496907
,22.454166666666666,41.053078,117.462074,7280.0,491.6923290000001
,22.455555555555556,41.0615,117.46354,7280.0,459.476496
,22.456666666666667,41.070484,117.46464,7320.0,487.99941300000006
,22.45777777777778,41.078907,117.46574,7350.0,457.8244020000001
,22.45888888888889,41.08761,117.46537,7380.0,470.992563
,22.46,41.09603,117.46537,7410.0,455.44344300000006
,22.461111111111112,41.10445,117.46354,7470.0,461.517318
,22.4625,41.113155,117.4617,7500.0,476.774892
,22.46361111111111,41.121574,117.4595,7500.0,464.14123200000006
,22.46472222222222,41.129715,117.45693,7530.0,452.62516500000004
,22.465833333333332,41.137856,117.45327,7560.0,464.91868800000003
,22.466944444444444,41.146,117.4496,7590.0,465.21023400000007
,22.468055555555555,41.15386,117.44483,7620.0,467.44542
,22.46944444444444,41.161438,117.43969,7650.0,460.253952
,22.470555555555553,41.169018,117.43492,7680.0,453.694167
,22.471666666666664,41.176598,117.42979,7740.0,460.15677
,22.472777777777775,41.183617,117.42392,7740.0,448.59211200000004
,22.473888888888887,41.19063,117.41805,7770.0,448.349157
,22.474999999999998,41.197372,117.411446,7800.0,453.06248400000004
,22.476388888888888,41.203827,117.40447,7830.0,450.001251
,22.4775,41.210003,117.39751,7830.0,437.999274
,22.47861111111111,41.21618,117.39017,7860.0,448.15479300000004
,22.47972222222222,41.22151,117.382835,7890.0,414.96714000000003
,22.480833333333333,41.22685,117.3744,7920.0,448.54352100000006
,22.481944444444444,41.2319,117.36559,7960.0,450.63293400000003
,22.483055555555556,41.23611,117.356415,7990.0,437.22181800000004
,22.484444444444446,41.240604,117.34688,7990.0,457.72722
,22.485555555555557,41.244812,117.336975,8020.0,462.7320930000001
,22.486666666666668,41.248184,117.32744,8050.0,428.52402900000004
,22.48777777777778,41.25127,117.317535,8050.0,436.055634
,22.48888888888889,41.254078,117.307625,8080.0,430.662033
,22.490000000000002,41.256325,117.297356,8110.0,434.93804100000006
,22.49138888888889,41.258007,117.28709,8140.0,427.260663
,22.4925,41.259693,117.277176,8170.0,413.315046
,22.49361111111111,41.260536,117.26691,8200.0,419.923422
,22.494722222222222,41.261097,117.257,8230.0,404.0827560000001
,22.495833333333334,41.260815,117.24636,8230.0,432.89721900000006
,22.496944444444445,41.261375,117.235725,8260.0,433.48031100000003
,22.498333333333335,41.261097,117.22509,8290.0,432.702855
,22.499444444444446,41.25997,117.21518,8320.0,407.53271700000005
,22.500555555555554,41.25885,117.204544,8350.0,436.68731700000006
,22.501666666666665,41.257164,117.19501,8380.0,398.251836
,22.502777777777776,41.25492,117.18473,8410.0,435.278178
,22.503888888888888,41.25239,117.17556,8440.0,397.23142500000006
,22.505277777777778,41.249866,117.16639,8470.0,397.1342430000001
,22.50638888888889,41.246216,117.15722,8500.0,421.964244
,22.5075,41.242847,117.14805,8530.0,415.11291300000005
,22.50861111111111,41.2392,117.13961,8560.0,395.919468
,22.509722222222223,41.234707,117.13117,8560.0,420.60369600000007
,22.510833333333334,41.229935,117.1231,8600.0,417.59105400000004
,22.511944444444445,41.225163,117.115036,8630.0,417.445281
,22.513333333333332,41.21983,117.10733,8660.0,426.04588800000005
,22.514444444444443,41.213932,117.09999,8660.0,437.02745400000003
,22.515555555555554,41.2086,117.093025,8690.0,404.37430200000006
,22.516666666666666,41.202705,117.086784,8720.0,407.67849000000007
,22.517777777777777,41.19653,117.08055,8750.0,419.437512
,22.51888888888889,41.19063,117.07358,8750.0,427.0177080000001
,22.52027777777778,41.18474,117.06698,8750.0,416.7650070000001
,22.52138888888889,41.178284,117.06074,8780.0,431.82821700000005
,22.522499999999997,41.172108,117.05487,8810.0,410.7397230000001
,22.52361111111111,41.16593,117.04863,8810.0,419.77764900000005
,22.52472222222222,41.159473,117.04203,8840.0,440.72037000000006
,22.52583333333333,41.152737,117.03653,8870.0,427.697982
,22.52722222222222,41.14656,117.02992,8900.0,429.107121
,22.528333333333332,41.140102,117.024055,8900.0,423.22761
,22.529444444444444,41.133926,117.01819,8930.0,410.7397230000001
,22.530555555555555,41.12775,117.01195,8930.0,419.82624000000004
,22.531666666666666,41.121574,117.005714,8960.0,419.729058
,22.532777777777778,41.11512,116.99947,8960.0,431.9739900000001
,22.534166666666668,41.109222,116.992874,8990.0,417.202326
,22.53527777777778,41.102768,116.98663,8990.0,432.02258100000006
,22.53638888888889,41.09687,116.97967,9020.0,426.92052600000005
,22.5375,41.090416,116.97343,9050.0,431.9739900000001
,22.538611111111113,41.08424,116.96683,9050.0,428.96134800000004
,22.539722222222224,41.078064,116.96059,9080.0,419.923422
,22.540833333333335,41.071888,116.95472,9080.0,410.9826780000001
,22.542222222222225,41.065712,116.94812,9110.0,429.00993900000003
,22.543333333333337,41.059814,116.94151,9110.0,417.688236
,22.544444444444448,41.05364,116.93491,9140.0,428.96134800000004
,22.545555555555556,41.047462,116.92831,9140.0,429.15571200000005
,22.546666666666667,41.041008,116.92207,9170.0,432.07117200000005
,22.547777777777778,41.03455,116.91547,9170.0,441.06050700000003
,22.549166666666668,41.028374,116.90887,9240.0,429.107121
,22.55027777777778,41.02248,116.90226,9240.0,417.59105400000004
,22.55138888888889,41.01602,116.89603,9270.0,432.11976300000003
,22.552500000000002,41.009846,116.88942,9270.0,429.301485
,22.553611111111113,41.00367,116.88282,9270.0,429.15571200000005
,22.554722222222225,40.997494,116.87621,9300.0,429.4472580000001
,22.55611111111111,40.991318,116.86925,9300.0,438.582366
,22.557222222222222,40.984863,116.86264,9330.0,441.303462
,22.558333333333334,40.978687,116.85604,9330.0,429.20430300000004
,22.559444444444445,40.97223,116.849434,9330.0,441.303462
,22.560555555555556,40.966053,116.842834,9360.0,429.301485
,22.561666666666667,40.959877,116.83623,9360.0,429.39866700000005
,22.563055555555557,40.953423,116.82963,9390.0,441.1090980000001
,22.56416666666667,40.946964,116.82302,9390.0,441.59500800000006
,22.56527777777778,40.94079,116.81642,9420.0,429.252894
,22.56638888888889,40.93433,116.809814,9450.0,441.546417
,22.5675,40.928154,116.80358,9450.0,420.117786
,22.56861111111111,40.9217,116.79661,9480.0,450.58434300000005
,22.56972222222222,40.91524,116.790375,9480.0,432.50849100000005
,22.57111111111111,40.908787,116.78377,9510.0,441.303462
,22.572222222222223,40.90261,116.77717,9540.0,429.4472580000001
,22.573333333333334,40.896435,116.76983,9540.0,449.02943100000005
,22.574444444444445,40.889977,116.76323,9540.0,441.400644
,22.575555555555557,40.8838,116.75662,9570.0,429.787395
,22.576666666666668,40.877625,116.74928,9570.0,449.07802200000003
,22.578055555555554,40.87145,116.74268,9600.0,429.4472580000001
,22.579166666666666,40.865273,116.73571,9600.0,439.21404900000005
,22.580277777777777,40.859097,116.728745,9630.0,439.068276
,22.58138888888889,40.852642,116.72214,9630.0,441.49782600000003
,22.5825,40.846466,116.71517,9660.0,439.26264000000003
,22.58361111111111,40.840008,116.70893,9690.0,432.702855
,22.584999999999997,40.83383,116.701965,9720.0,439.21404900000005
,22.58611111111111,40.827656,116.695724,9750.0,420.45792300000005
,22.58722222222222,40.82148,116.68876,9780.0,439.16545800000006
,22.58833333333333,40.815304,116.681786,9780.0,439.45700400000004
,22.589444444444442,40.80941,116.67481,9780.0,428.03811900000005
,22.590555555555554,40.80295,116.66821,9780.0,441.7407810000001
,22.591944444444444,40.79706,116.66087,9780.0,437.999274
,22.593055555555555,40.79116,116.654274,9780.0,418.07696400000003
,22.594166666666666,40.784985,116.64767,9780.0,429.787395
,22.595277777777778,40.77881,116.64107,9780.0,429.690213
,22.59638888888889,40.772633,116.63446,9780.0,430.03035000000006
,22.5975,40.76674,116.62786,9780.0,417.979782
,22.59861111111111,40.760845,116.621254,9780.0,418.22273700000005
,22.6,40.754948,116.61429,9780.0,427.98952800000006
,22.601111111111113,40.749054,116.60768,9780.0,418.319919
,22.602222222222224,40.74344,116.600716,9780.0,416.71641600000004
,22.603333333333335,40.738106,116.59411,9780.0,395.67651300000006
,22.604444444444447,40.73305,116.58677,9780.0,406.560897
,22.605555555555558,40.72828,116.578705,9780.0,419.34033000000005
,22.606944444444444,40.723507,116.57027,9780.0,431.536671
,22.608055555555556,40.719296,116.56183,9780.0,414.23827500000004
,22.609166666666667,40.715366,116.55266,9780.0,431.8768080000001
,22.610277777777778,40.711716,116.54422,9780.0,398.39760900000005
,22.61138888888889,40.708347,116.53505,9780.0,417.83400900000004
,22.6125,40.704697,116.526245,9780.0,411.51717900000006
,22.61388888888889,40.70133,116.517075,9780.0,417.83400900000004
,22.615000000000002,40.69796,116.507904,9780.0,417.93119100000007
,22.616111111111113,40.69459,116.498726,9780.0,418.22273700000005
,22.61722222222222,40.691505,116.489555,9780.0,411.468588
,22.618333333333332,40.688698,116.48002,9780.0,419.534694
,22.619444444444444,40.68589,116.47085,9780.0,405.637668
,22.620833333333334,40.6828,116.46168,9780.0,411.61436100000003
,22.621944444444445,40.679996,116.45214,9780.0,419.6804670000001
,22.623055555555556,40.676907,116.44297,9780.0,411.61436100000003
,22.624166666666667,40.6741,116.43343,9780.0,419.77764900000005
,22.62527777777778,40.67129,116.42389,9780.0,419.87483100000003
,22.62638888888889,40.668205,116.41435,9780.0,425.4627960000001
,22.6275,40.665398,116.40518,9780.0,405.73485000000005
,22.628888888888888,40.66259,116.39528,9780.0,433.67467500000004
,22.63,40.659782,116.38574,9780.0,419.87483100000003
,22.63111111111111,40.656975,116.376205,9780.0,419.6804670000001
,22.63222222222222,40.654167,116.36666,9780.0,420.117786
,22.633333333333333,40.65164,116.35822,9780.0,372.35283300000003
,22.634444444444444,40.648834,116.34869,9780.0,419.534694
,22.635833333333334,40.646027,116.33915,9780.0,419.923422
,22.636944444444445,40.64322,116.32925,9780.0,433.77185700000007
,22.638055555555557,40.64041,116.31971,9780.0,420.020604
,22.639166666666664,40.637325,116.31017,9780.0,425.65716000000003
,22.640277777777776,40.634518,116.30026,9780.0,434.20917600000007
,22.641388888888887,40.63171,116.290726,9780.0,419.82624000000004
,22.642777777777777,40.62834,116.28082,9780.0,445.62806100000006
,22.64388888888889,40.625534,116.271286,9780.0,419.77764900000005
,22.645,40.623287,116.262115,9780.0,395.62792200000007
,22.64611111111111,40.62048,116.25257,9780.0,420.26355900000004
,22.647222222222222,40.617954,116.243034,9780.0,414.67559400000005
,22.648333333333333,40.61487,116.232765,9780.0,453.45121200000006
,22.649722222222223,40.61206,116.223595,9780.0,406.074987
,22.65083333333333,40.60953,116.21406,9780.0,414.772776
,22.651944444444442,40.606445,116.20415,9780.0,439.845732
,22.653055555555554,40.603355,116.194244,9780.0,439.79714100000007
,22.654166666666665,40.600548,116.18471,9780.0,419.97201300000006
,22.655277777777776,40.597744,116.17517,9780.0,420.16637700000007
,22.656388888888888,40.594654,116.16527,9780.0,439.65136800000005
,22.657777777777778,40.591846,116.15572,9780.0,420.65228700000006
,22.65888888888889,40.58904,116.14619,9780.0,419.82624000000004
,22.66,40.58623,116.136284,9780.0,434.35494900000003
,22.66111111111111,40.583145,116.12638,9780.0,439.74855
,22.66222222222222,40.580338,116.116104,9780.0,448.64070300000003
,22.66333333333333,40.57697,116.1062,9780.0,445.82242500000007
,22.66472222222222,40.57416,116.0963,9780.0,434.20917600000007
,22.66583333333333,40.571354,116.086395,9780.0,434.35494900000003
,22.666944444444447,40.568546,116.077225,9780.0,406.22076000000004
,22.668055555555558,40.56546,116.06768,9780.0,426.24025200000005
,22.66916666666667,40.562653,116.05814,9780.0,420.409332
,22.67027777777778,40.559845,116.047874,9780.0,448.39774800000004
,22.671666666666667,40.557037,116.03834,9780.0,420.21496800000006
,22.672777777777778,40.554512,116.0299,9780.0,372.79015200000003
,22.67388888888889,40.551422,116.01962,9780.0,454.37444100000005
,22.675,40.548615,116.010086,9780.0,420.26355900000004
,22.676111111111112,40.545807,116.00055,9780.0,420.3607410000001
,22.677222222222223,40.54328,115.99138,9780.0,400.92434099999997
,22.678611111111113,40.540195,115.981476,9780.0,439.991505
,22.679722222222225,40.536823,115.97157,9780.0,446.2111530000001
,22.680833333333336,40.53402,115.96166,9780.0,434.695086
,22.681944444444447,40.53121,115.952126,9780.0,420.409332
,22.68305555555556,40.528404,115.94222,9780.0,434.646495
,22.684166666666666,40.525314,115.932686,9780.0,426.14307
,22.685277777777777,40.523067,115.923515,9780.0,396.16242300000005
,22.686666666666667,40.51998,115.91397,9780.0,426.53179800000004
,22.68777777777778,40.51689,115.90407,9780.0,440.08868700000005
,22.68888888888889,40.514088,115.89453,9780.0,420.5551050000001
,22.69,40.51128,115.884995,9780.0,420.506514
,22.691111111111113,40.508472,115.87546,9780.0,420.506514
,22.692222222222224,40.505943,115.86592,9780.0,415.501641
,22.69361111111111,40.502857,115.85601,9780.0,440.428824
,22.69472222222222,40.50005,115.84647,9780.0,420.7494690000001
,22.695833333333333,40.497242,115.83657,9780.0,434.59790399999997
,22.696944444444444,40.494156,115.827034,9780.0,426.288843
,22.698055555555555,40.49135,115.81712,9780.0,435.132405
,22.699166666666667,40.48854,115.80759,9780.0,420.45792300000005
,22.700555555555553,40.48545,115.79768,9780.0,440.623188
,22.701666666666664,40.482643,115.78815,9780.0,420.45792300000005
,22.702777777777776,40.479557,115.77861,9780.0,426.53179800000004
,22.703888888888887,40.47703,115.769066,9780.0,415.79318700000005
,22.705,40.47394,115.75916,9780.0,440.526006
,22.70611111111111,40.471134,115.749626,9780.0,420.65228700000006
,22.7075,40.468327,115.73972,9780.0,434.986632
,22.70861111111111,40.46552,115.73019,9780.0,420.5551050000001
,22.709722222222222,40.462433,115.72064,9780.0,427.0177080000001
,22.710833333333333,40.459908,115.71074,9780.0,429.738804
,22.711944444444445,40.4571,115.7012,9780.0,420.992424
,22.713055555555556,40.45401,115.6913,9780.0,440.428824
,22.714166666666667,40.451202,115.68176,9780.0,421.0410150000001
,22.715555555555554,40.448116,115.67185,9780.0,440.76896100000005
,22.716666666666665,40.44531,115.662315,9780.0,420.84665100000007
,22.717777777777776,40.4425,115.65241,9780.0,435.132405
,22.718888888888888,40.439976,115.642876,9780.0,415.550232
,22.72,40.43717,115.63334,9780.0,420.895242
,22.72111111111111,40.43436,115.623795,9780.0,421.33256100000006
,22.722499999999997,40.431553,115.61426,9780.0,420.895242
,22.723611111111108,40.428745,115.60472,9780.0,421.13819700000005
,22.72472222222222,40.42566,115.595184,9780.0,426.62898000000007
,22.72583333333333,40.42313,115.58565,9780.0,415.74459600000006
,22.72694444444444,40.420322,115.575745,9780.0,435.22958700000004
,22.728055555555553,40.417515,115.5662,9780.0,421.38115200000004
,22.729444444444443,40.41443,115.55666,9780.0,426.871935
,22.730555555555554,40.41162,115.54713,9780.0,420.895242
,22.731666666666666,40.408535,115.537224,9780.0,440.81755200000003
,22.732777777777777,40.406006,115.52732,9780.0,430.273305
,22.733888888888888,40.40348,115.517044,9780.0,444.75342300000005
,22.735,40.401794,115.50714,9780.0,418.02837300000004
,22.73638888888889,40.40039,115.49687,9780.0,429.787395
,22.7375,40.39983,115.486595,9780.0,424.34520299999997
,22.738611111111112,40.39899,115.476326,9780.0,425.4627960000001
,22.739722222222223,40.398426,115.46568,9780.0,439.602777
,22.740833333333335,40.39871,115.45505,9780.0,438.14504700000003
,22.741944444444446,40.39871,115.44441,9780.0,438.29082000000005
,22.743055555555557,40.39899,115.43377,9780.0,438.53377500000005
,22.744444444444447,40.39927,115.4235,9780.0,423.324792
,22.745555555555555,40.39955,115.41286,9780.0,438.53377500000005
,22.746666666666666,40.39983,115.40222,9780.0,438.53377500000005
,22.747777777777777,40.40039,115.39195,9780.0,424.150839
,22.74888888888889,40.400955,115.38131,9780.0,439.359822
,22.75,40.401234,115.37104,9780.0,423.324792
,22.75138888888889,40.401794,115.36077,9780.0,424.10224800000003
,22.7525,40.402077,115.35013,9780.0,438.53377500000005
,22.753611111111113,40.40236,115.33949,9780.0,438.53377500000005
,22.754722222222224,40.4032,115.32885,9780.0,440.623188
,22.75583333333333,40.40348,115.31785,9780.0,453.3540300000001
,22.756944444444443,40.40404,115.30684,9780.0,454.52021400000007
,22.758333333333333,40.404324,115.2962,9780.0,438.53377500000005
,22.759444444444444,40.404884,115.28557,9780.0,438.873912
,22.760555555555555,40.405167,115.27456,9780.0,453.74275800000004
,22.761666666666667,40.405727,115.26429,9780.0,424.10224800000003
,22.762777777777778,40.406006,115.25365,9780.0,438.53377500000005
,22.76388888888889,40.40629,115.242645,9780.0,453.5483940000001
,22.76527777777778,40.40685,115.232,9780.0,439.505595
,22.76638888888889,40.40713,115.22137,9780.0,438.096456
,22.7675,40.407692,115.2111,9780.0,424.10224800000003
,22.76861111111111,40.40797,115.20009,9780.0,453.74275800000004
,22.76972222222222,40.408253,115.18982,9780.0,423.276201
,22.770833333333332,40.408535,115.17881,9780.0,453.74275800000004
,22.771944444444443,40.408813,115.16744,9780.0,468.56301300000007
,22.773333333333333,40.409374,115.1568,9780.0,439.26264000000003
,22.774444444444445,40.40994,115.14653,9780.0,424.10224800000003
,22.775555555555556,40.410217,115.13589,9780.0,438.485184
,22.776666666666667,40.4105,115.124886,9780.0,453.45121200000006
,22.77777777777778,40.41106,115.11425,9780.0,439.116867
,22.778888888888886,40.41134,115.10324,9780.0,453.694167
,22.780277777777776,40.41162,115.09224,9780.0,453.305439
,22.781388888888888,40.411903,115.082695,9780.0,393.392736
,22.7825,40.411903,115.07169,9780.0,453.25684800000005
,22.783611111111114,40.412464,115.06032,9780.0,469.24328700000007
,22.784722222222225,40.412743,115.04932,9780.0,453.305439
,22.785833333333336,40.413307,115.03867,9780.0,439.65136800000005
,22.787222222222223,40.413307,115.02767,9780.0,453.01389300000005
,22.788333333333334,40.413868,115.01666,9780.0,454.471623
,22.789444444444445,40.414146,115.00603,9780.0,438.04786500000006
,22.790555555555557,40.41443,114.99539,9780.0,438.485184
,22.791666666666668,40.41471,114.98438,9780.0,453.694167
,22.79277777777778,40.41499,114.97338,9780.0,453.25684800000005
,22.79416666666667,40.41555,114.96237,9780.0,454.4230320000001
,22.79527777777778,40.415833,114.95174,9780.0,438.04786500000006
,22.79638888888889,40.416393,114.94073,9780.0,454.4230320000001
,22.797500000000003,40.416676,114.93009,9780.0,438.436593
,22.798611111111114,40.416954,114.91908,9780.0,453.64557600000006
,22.799722222222226,40.417236,114.90808,9780.0,453.25684800000005
,22.800833333333333,40.417797,114.89744,9780.0,439.21404900000005
,22.802222222222223,40.41808,114.88644,9780.0,453.25684800000005
,22.803333333333335,40.418358,114.87543,9780.0,453.64557600000006
,22.804444444444446,40.41864,114.864426,9780.0,453.40262100000007
,22.805555555555557,40.41892,114.85342,9780.0,453.49980300000004
,22.80666666666667,40.4192,114.84278,9780.0,438.436593
,22.80777777777778,40.41976,114.83177,9780.0,454.4230320000001
,22.809166666666666,40.41976,114.82077,9780.0,452.96530200000007
,22.810277777777777,40.420322,114.809395,9780.0,469.38906000000003
,22.81138888888889,40.420887,114.79839,9780.0,454.228668
,22.8125,40.421448,114.787384,9780.0,454.228668
,22.81361111111111,40.42201,114.77638,9780.0,454.13148600000005
,22.814722222222223,40.42285,114.76537,9780.0,455.637807
,22.816111111111113,40.424255,114.754005,9780.0,474.102387
,22.81722222222222,40.4265,114.74336,9780.0,454.86035100000004
,22.81833333333333,40.429028,114.73236,9780.0,473.13056700000004
,22.819444444444443,40.432114,114.72172,9780.0,468.805968
,22.820555555555554,40.434643,114.71108,9780.0,458.941995
,22.821666666666665,40.437447,114.70044,9780.0,463.55814
,22.822777777777777,40.439976,114.68944,9780.0,473.08197600000005
,22.824166666666667,40.4425,114.67806,9780.0,487.950822
,22.825277777777778,40.445026,114.66743,9780.0,458.4074940000001
,22.82638888888889,40.447834,114.65642,9780.0,477.98966700000005
,22.8275,40.45008,114.64578,9780.0,454.52021400000007
,22.828611111111112,40.452606,114.63478,9780.0,472.93620300000003
,22.829722222222223,40.455135,114.624504,9780.0,444.510468
,22.83111111111111,40.45738,114.61314,9780.0,483.2374950000001
,22.83222222222222,40.459908,114.60213,9780.0,473.324931
,22.833333333333332,40.46215,114.591125,9780.0,468.85455900000005
,22.834444444444443,40.46524,114.58085,9780.0,454.66598700000003
,22.835555555555555,40.466923,114.56948,9780.0,476.67771000000005
,22.836666666666666,40.46973,114.55847,9780.0,477.8438940000001
,22.838055555555556,40.471695,114.547104,9780.0,479.64176100000003
,22.839166666666664,40.47394,114.53573,9780.0,483.52904100000006
,22.840277777777775,40.476467,114.52472,9780.0,473.17915800000003
,22.841388888888886,40.478996,114.51372,9780.0,472.839021
,22.842499999999998,40.48152,114.50308,9780.0,458.55326700000006
,22.84361111111111,40.484047,114.49244,9780.0,458.601858
,22.845,40.486576,114.48107,9780.0,487.36773
,22.84611111111111,40.489384,114.47043,9780.0,463.31518500000004
,22.84722222222222,40.491627,114.45906,9780.0,483.188904
,22.848333333333333,40.494434,114.44805,9780.0,477.698121
,22.849444444444444,40.49668,114.43705,9780.0,468.514422
,22.850555555555555,40.49949,114.42604,9780.0,477.698121
,22.851666666666667,40.501736,114.41504,9780.0,468.465831
,22.853055555555557,40.504543,114.40403,9780.0,477.60093900000004
,22.854166666666668,40.506508,114.392654,9780.0,479.7875340000001
,22.85527777777778,40.50875,114.38165,9780.0,468.514422
,22.85638888888889,40.51072,114.37028,9780.0,479.59317000000004
,22.8575,40.512684,114.359276,9780.0,464.82150600000006
,22.858611111111113,40.51465,114.347534,9780.0,494.41342500000013
,22.860000000000003,40.516613,114.3358,9780.0,494.073288
,22.861111111111114,40.51886,114.32516,9780.0,454.082895
,22.862222222222222,40.520824,114.314156,9780.0,464.77291500000007
,22.863333333333333,40.523067,114.30315,9780.0,468.514422
,22.864444444444445,40.525036,114.292145,9780.0,464.87009700000004
,22.865555555555556,40.52728,114.281136,9780.0,468.61160400000006
,22.866944444444446,40.529526,114.269394,9780.0,497.814795
,22.868055555555557,40.531773,114.25876,9780.0,453.791349
,22.86916666666667,40.53402,114.24738,9780.0,483.38326800000004
,22.87027777777778,40.535984,114.236015,9780.0,479.15585100000004
,22.87138888888889,40.538227,114.22464,9780.0,483.091722
,22.8725,40.540474,114.21327,9780.0,482.94594900000004
,22.87388888888889,40.54272,114.2019,9780.0,482.897358
,22.875,40.544968,114.19052,9780.0,483.33467700000006
,22.87611111111111,40.54721,114.17915,9780.0,482.800176
,22.877222222222223,40.54974,114.168144,9780.0,472.59606600000006
,22.878333333333334,40.551422,114.15641,9780.0,490.76910000000004
,22.879444444444445,40.55367,114.14613,9780.0,439.65136800000005
,22.880555555555556,40.555916,114.13513,9780.0,468.12569400000007
,22.881944444444446,40.55844,114.12412,9780.0,472.59606600000006
,22.883055555555558,40.560966,114.11202,9780.0,515.696283
,22.884166666666665,40.563213,114.10065,9780.0,482.800176
,22.885277777777777,40.565178,114.088905,9780.0,494.17047
,22.886388888888888,40.567142,114.07717,9780.0,493.78174200000007
,22.8875,40.568546,114.06616,9780.0,458.74763100000007
,22.88888888888889,40.56995,114.05553,9780.0,443.344284
,22.89,40.57107,114.04452,9780.0,456.41526300000004
,22.891111111111112,40.572758,114.03388,9780.0,446.5998810000001
,22.892222222222223,40.57388,114.02361,9780.0,426.288843
,22.893333333333334,40.575005,114.01297,9780.0,441.35205300000007
,22.894444444444446,40.576126,114.00197,9780.0,455.9779440000001
,22.895833333333332,40.57753,113.99169,9780.0,429.107121
,22.896944444444443,40.57865,113.98142,9780.0,426.24025200000005
,22.898055555555555,40.579777,113.97079,9780.0,440.96332500000005
,22.899166666666666,40.58062,113.960144,9780.0,439.74855
,22.900277777777777,40.58062,113.94951,9780.0,436.88168100000007
,22.90138888888889,40.5809,113.93923,9780.0,422.5959270000001
,22.902777777777775,40.5809,113.9286,9780.0,436.68731700000006
,22.903888888888886,40.58062,113.91833,9780.0,422.158608
,22.904999999999998,40.580055,113.90842,9780.0,408.26158200000003
,22.90611111111111,40.579777,113.89815,9780.0,422.158608
,22.90722222222222,40.579216,113.888245,9780.0,408.067218
,22.90833333333333,40.578934,113.87797,9780.0,422.40156300000007
,22.909444444444443,40.57865,113.86733,9780.0,437.416182
,22.910833333333333,40.57865,113.8567,9780.0,436.73590800000005
,22.911944444444444,40.57865,113.84679,9780.0,407.14398900000003
,22.913055555555555,40.578373,113.835785,9780.0,452.3822100000001
,22.914166666666667,40.57809,113.82588,9780.0,407.241171
,22.915277777777778,40.578373,113.815605,9780.0,422.40156300000007
,22.91638888888889,40.577812,113.805336,9780.0,422.9846550000001
,22.91777777777778,40.577812,113.79543,9780.0,406.949625
,22.91888888888889,40.577812,113.78516,9780.0,421.91565299999996
,22.92,40.577812,113.77489,9780.0,421.91565299999996
,22.921111111111113,40.57753,113.76462,9780.0,422.20719900000006
,22.922222222222224,40.57753,113.75434,9780.0,422.352972
,22.923333333333336,40.577248,113.74407,9780.0,422.20719900000006
,22.924722222222222,40.57753,113.73344,9780.0,436.97886300000005
,22.925833333333333,40.57697,113.72316,9780.0,423.42197400000003
,22.926944444444445,40.57697,113.712524,9780.0,436.97886300000005
,22.928055555555556,40.57697,113.70225,9780.0,422.1100170000001
,22.929166666666667,40.57697,113.69198,9780.0,421.91565299999996
,22.93027777777778,40.577248,113.68171,9780.0,422.20719900000006
,22.93166666666667,40.577248,113.67181,9780.0,406.70667000000003
,22.93277777777778,40.57697,113.66153,9780.0,422.5959270000001
,22.933888888888887,40.57641,113.65126,9780.0,423.0332460000001
,22.935,40.576126,113.64098,9780.0,422.64451800000006
,22.93611111111111,40.576126,113.630714,9780.0,421.76988000000006
,22.93722222222222,40.575844,113.62008,9780.0,437.17322700000005
,22.938333333333333,40.575844,113.6098,9780.0,422.352972
,22.939722222222223,40.575844,113.59953,9780.0,421.964244
,22.940833333333334,40.576126,113.589264,9780.0,422.06142600000004
,22.941944444444445,40.576126,113.57899,9780.0,422.1100170000001
,22.943055555555556,40.575844,113.56872,9780.0,422.20719900000006
,22.944166666666668,40.576126,113.55845,9780.0,422.20719900000006
,22.94527777777778,40.575565,113.547806,9780.0,438.33941100000004
,22.946666666666665,40.574722,113.53717,9780.0,439.359822
,22.947777777777777,40.57416,113.5269,9780.0,423.0332460000001
,22.948888888888888,40.574444,113.51699,9780.0,407.435535
,22.95,40.57388,113.506355,9780.0,437.999274
,22.95111111111111,40.5736,113.49571,9780.0,437.610546
,22.952222222222222,40.57332,113.48544,9780.0,422.20719900000006
,22.953611111111112,40.5736,113.475174,9780.0,422.06142600000004
,22.954722222222223,40.57388,113.4649,9780.0,422.40156300000007
,22.95583333333333,40.574444,113.45463,9780.0,423.0332460000001
,22.956944444444442,40.575005,113.44436,9780.0,423.0332460000001
,22.958055555555553,40.575283,113.43408,9780.0,422.64451800000006
,22.959166666666665,40.575844,113.42381,9780.0,423.0332460000001
,22.960555555555555,40.576126,113.41318,9780.0,436.97886300000005
,22.961666666666666,40.576126,113.402534,9780.0,437.36759100000006
,22.962777777777777,40.576687,113.3919,9780.0,437.950683
,22.96388888888889,40.57697,113.381256,9780.0,437.561955
,22.965,40.57753,113.37099,9810.0,422.838882
,22.96611111111111,40.57809,113.36035,9780.0,438.193638
,22.96722222222222,40.578373,113.350075,9780.0,422.40156300000007
,22.96861111111111,40.57865,113.33907,9780.0,452.3822100000001
,22.96972222222222,40.578934,113.32843,9780.0,437.416182
,22.97083333333333,40.579494,113.317795,9780.0,437.950683
,22.971944444444443,40.579777,113.307526,9780.0,422.158608
,22.973055555555554,40.580338,113.29688,9780.0,438.436593
,22.974166666666665,40.58062,113.28625,9780.0,436.97886300000005
,22.975555555555555,40.58118,113.275604,9780.0,438.38800200000003
,22.976666666666667,40.58174,113.265335,9780.0,422.936064
,22.977777777777778,40.582302,113.255066,9780.0,422.936064
,22.978888888888886,40.582584,113.24406,9780.0,452.3822100000001
,22.979999999999997,40.582584,113.23379,9780.0,421.91565299999996
,22.981111111111108,40.582863,113.22352,9780.0,422.158608
,22.982499999999998,40.583424,113.21324,9780.0,423.373383
,22.983611111111113,40.583706,113.20297,9780.0,422.158608
,22.984722222222224,40.584267,113.19307,9780.0,407.82426300000003
,22.985833333333336,40.584827,113.18316,9780.0,408.212991
,22.986944444444447,40.58511,113.17289,9780.0,422.158608
,22.988055555555558,40.58511,113.162254,9780.0,436.930272
,22.989444444444445,40.585392,113.15234,9780.0,407.53271700000005
,22.990555555555556,40.58567,113.14244,9780.0,406.949625
,22.991666666666667,40.585953,113.13254,9780.0,406.949625
,22.99277777777778,40.58623,113.123,9780.0,392.17796100000004
,22.99388888888889,40.586514,113.11309,9780.0,407.3869440000001
,22.995,40.587074,113.10392,9780.0,377.892207
,22.996111111111112,40.587357,113.09438,9780.0,392.17796100000004
,22.997500000000002,40.587635,113.08485,9780.0,391.74064200000004
,22.998611111111114,40.587917,113.07531,9780.0,392.17796100000004
,22.999722222222225,40.588196,113.06577,9780.0,392.17796100000004
,23.000833333333333,40.58876,113.05586,9780.0,408.212991
,23.001944444444444,40.58904,113.046326,9780.0,391.935006
,23.003055555555555,40.58932,113.03642,9780.0,407.19258
,23.004444444444445,40.5896,113.026886,9780.0,391.935006
,23.005555555555556,40.590164,113.01735,9780.0,392.906826
,23.006666666666668,40.590164,113.00818,9780.0,376.677432
,23.00777777777778,40.590443,112.998634,9780.0,392.42091600000003
,23.00888888888889,40.590725,112.98946,9780.0,377.114751
,23.01,40.591286,112.97956,9780.0,407.77567200000004
,23.011388888888888,40.591568,112.970024,9780.0,391.98359700000003
,23.0125,40.591846,112.96049,9780.0,391.88641500000006
,23.01361111111111,40.59213,112.95095,9780.0,392.17796100000004
,23.014722222222222,40.592407,112.94141,9780.0,392.12937000000005
,23.015833333333333,40.59269,112.93187,9780.0,392.12937000000005
,23.016944444444444,40.592968,112.9227,9780.0,376.96897800000005
,23.01833333333333,40.59325,112.91316,9780.0,392.12937000000005
,23.019444444444442,40.595215,112.904724,9780.0,362.44026900000006
,23.020555555555553,40.595776,112.89555,9780.0,378.03798000000006
,23.021666666666665,40.59634,112.88638,9780.0,377.843616
,23.022777777777776,40.59634,112.87685,9780.0,391.40050500000007
,23.023888888888887,40.5969,112.86731,9780.0,393.004008
,23.025,40.59718,112.85813,9780.0,377.357706
,23.02638888888889,40.59746,112.848595,9780.0,391.88641500000006
,23.0275,40.598022,112.839424,9780.0,377.892207
,23.02861111111111,40.598022,112.82989,9780.0,391.594869
,23.029722222222222,40.598305,112.819984,9780.0,407.14398900000003
,23.030833333333334,40.598583,112.810814,9780.0,376.920387
,23.031944444444445,40.598866,112.80164,9780.0,377.114751
,23.033333333333335,40.599144,112.79247,9780.0,376.920387
,23.034444444444446,40.59971,112.78293,9780.0,393.004008
,23.035555555555558,40.59971,112.77376,9780.0,376.628841
,23.03666666666667,40.60027,112.76422,9780.0,392.955417
,23.03777777777778,40.600548,112.75505,9780.0,376.920387
,23.03888888888889,40.60083,112.745514,9780.0,391.935006
,23.040277777777778,40.60083,112.73598,9780.0,391.546278
,23.04138888888889,40.601112,112.72644,9780.0,392.080779
,23.0425,40.601673,112.71763,9780.0,363.07195200000007
,23.04361111111111,40.601673,112.70809,9780.0,391.789233
,23.044722222222223,40.602234,112.69929,9780.0,362.68322400000005
,23.045833333333334,40.602516,112.68975,9780.0,392.080779
,23.047222222222224,40.602516,112.68058,9780.0,376.58025000000004
,23.048333333333336,40.602795,112.67141,9780.0,376.920387
,23.049444444444447,40.603077,112.66224,9780.0,376.920387
,23.050555555555555,40.602795,112.652336,9780.0,407.046807
,23.051666666666666,40.603077,112.64279,9780.0,392.323734
,23.052777777777777,40.603355,112.633255,9780.0,391.88641500000006
,23.05388888888889,40.603355,112.62372,9780.0,391.594869
,23.05527777777778,40.603638,112.61455,9780.0,376.920387
,23.05638888888889,40.60392,112.60538,9780.0,376.920387
,23.0575,40.6042,112.59621,9780.0,376.871796
,23.058611111111112,40.6042,112.587036,9780.0,376.77461400000004
,23.059722222222224,40.6042,112.577866,9780.0,376.58025000000004
,23.060833333333335,40.60448,112.568695,9780.0,376.920387
,23.06222222222222,40.60476,112.559525,9780.0,376.871796
,23.063333333333333,40.60448,112.55035,9780.0,377.114751
,23.064444444444444,40.60448,112.541176,9780.0,376.77461400000004
,23.065555555555555,40.60448,112.532005,9780.0,376.628841
,23.066666666666666,40.60476,112.5232,9780.0,361.9057680000001
,23.067777777777778,40.60448,112.51403,9780.0,376.871796
,23.069166666666668,40.60448,112.50486,9780.0,376.58025000000004
,23.07027777777778,40.603638,112.49679,9780.0,334.549035
,23.07138888888889,40.603355,112.486885,9780.0,407.046807
,23.072499999999998,40.603355,112.47698,9780.0,406.755261
,23.07361111111111,40.602795,112.46781,9780.0,377.795025
,23.07472222222222,40.602516,112.45864,9780.0,376.920387
,23.07611111111111,40.602516,112.4491,9780.0,391.789233
,23.077222222222222,40.60195,112.43956,9780.0,393.004008
,23.078333333333333,40.60083,112.42966,9780.0,411.07986
,23.079444444444444,40.60083,112.42012,9780.0,391.789233
,23.080555555555556,40.599987,112.40985,9780.0,424.248021
,23.081666666666667,40.598866,112.39921,9780.0,441.15768900000006
,23.08277777777778,40.598583,112.38967,9780.0,392.12937000000005
,23.084166666666665,40.598022,112.37866,9780.0,453.208257
,23.085277777777776,40.5969,112.36656,9780.0,500.633073
,23.086388888888887,40.59634,112.35372,9780.0,528.232761
,23.0875,40.59634,112.34381,9780.0,407.046807
,23.08861111111111,40.59634,112.33098,9780.0,526.9693950000001
,23.08972222222222,40.59662,112.3174,9780.0,557.970453
,23.09111111111111,40.5969,112.307495,9780.0,407.09539800000005
,23.092222222222222,40.598022,112.29429,9780.0,545.7255210000001
,23.093333333333334,40.59971,112.280716,9780.0,564.9189660000002
,23.094444444444445,40.599987,112.27081,9780.0,407.09539800000005
,23.095555555555553,40.602234,112.258705,9780.0,511.809003
,23.096666666666664,40.60504,112.2466,9780.0,519.7779270000001
,23.098055555555554,40.605602,112.23706,9780.0,392.955417
,23.099166666666665,40.608128,112.22606,9780.0,471.915792
,23.10027777777778,40.610935,112.215416,9780.0,462.68350200000003
,23.10138888888889,40.610374,112.20515,9780.0,422.64451800000006
,23.102500000000003,40.613743,112.19671,9780.0,391.546278
,23.103611111111114,40.616272,112.18754,9780.0,400.58420400000006
,23.105,40.616833,112.178,9780.0,392.906826
,23.10611111111111,40.61711,112.16699,9780.0,452.333619
,23.107222222222223,40.619076,112.15782,9780.0,391.25473200000005
,23.108333333333334,40.619358,112.148285,9780.0,391.789233
,23.109444444444446,40.62076,112.139114,9780.0,384.111855
,23.110555555555557,40.621883,112.129944,9780.0,381.3421680000001
,23.111666666666668,40.622444,112.12004,9780.0,407.77567200000004
,23.113055555555558,40.62357,112.11087,9780.0,381.39075900000006
,23.11416666666667,40.62469,112.102066,9780.0,366.473322
,23.11527777777778,40.625816,112.09289,9780.0,381.585123
,23.116388888888892,40.626095,112.08335,9780.0,391.935006
,23.1175,40.626938,112.07418,9780.0,379.20416400000005
,23.11861111111111,40.62778,112.06538,9780.0,364.14095399999997
,23.12,40.62806,112.05584,9780.0,391.935006
,23.121111111111112,40.62862,112.04667,9780.0,377.64925200000005
,23.122222222222224,40.629745,112.03713,9780.0,396.35678700000005
,23.123333333333335,40.630024,112.027596,9780.0,391.69205100000005
,23.124444444444446,40.63059,112.01842,9780.0,377.9407980000001
,23.125555555555557,40.63171,112.00925,9780.0,381.29357699999997
,23.126944444444444,40.631992,111.99971,9780.0,391.935006
,23.128055555555555,40.632553,111.99017,9780.0,392.80964400000005
,23.129166666666666,40.633396,111.98064,9780.0,393.8300550000001
,23.130277777777778,40.633675,111.971466,9780.0,376.871796
,23.13138888888889,40.634235,111.96193,9780.0,392.61528000000004
,23.1325,40.63508,111.952385,9780.0,394.461738
,23.133888888888887,40.63564,111.94285,9780.0,392.566689
,23.134999999999998,40.63592,111.93331,9780.0,391.88641500000006
,23.13611111111111,40.636482,111.92414,9780.0,377.64925200000005
