356,CCA1106054,B733,A,ZBHH,ZBAA,01        
,6.973055555555556,40.969704,111.89919,1430.0,247.085235
,6.974166666666667,40.970547,111.903595,1430.0,185.61762000000002
,6.975555555555555,40.971107,111.90763,1520.0,167.54176800000002
,6.976666666666667,40.97195,111.9113,1580.0,156.65738400000004
,6.977777777777778,40.97279,111.9157,1580.0,185.37466500000002
,6.978888888888889,40.973633,111.91937,1680.0,156.65738400000004
,6.98,40.974476,111.92414,1710.0,200.04914700000003
,6.981111111111111,40.97532,111.92891,1770.0,200.09773800000002
,6.9825,40.97616,111.93368,1770.0,200.04914700000003
,6.983611111111111,40.97588,111.938446,1800.0,195.238638
,6.9847222222222225,40.974194,111.94358,1830.0,228.62065500000003
,6.985833333333334,40.973072,111.94872,1830.0,218.51372700000002
,6.986944444444444,40.970825,111.953125,1890.0,217.10458800000004
,6.9880555555555555,40.967457,111.95753,1920.0,256.02597900000006
,6.989166666666667,40.96493,111.96156,1920.0,213.94617300000004
,6.990555555555556,40.96184,111.965965,1980.0,245.578914
,6.991666666666667,40.958473,111.97037,2040.0,256.02597900000006
,6.9927777777777775,40.955666,111.97477,2040.0,235.27762200000004
,6.993888888888889,40.952858,111.97954,2100.0,247.085235
,6.995,40.950333,111.98431,2160.0,237.95012700000004
,6.996111111111111,40.946964,111.989075,2230.0,266.667408
,6.9975000000000005,40.94388,111.99384,2230.0,256.36611600000003
,6.998611111111111,40.940228,111.99898,2290.0,288.33899400000007
,6.999722222222222,40.9363,112.00411,2350.0,298.445922
,7.0008333333333335,40.93321,112.00925,2350.0,268.41668400000003
,7.001944444444445,40.929558,112.01439,2440.0,288.33899400000007
,7.003055555555555,40.92619,112.01989,2560.0,289.31081400000005
,7.004444444444444,40.92282,112.025024,2560.0,277.94052
,7.0055555555555555,40.919453,112.03016,2680.0,277.891929
,7.006666666666667,40.915802,112.03566,2770.0,299.223378
,7.007777777777778,40.912434,112.0408,2770.0,278.08629300000007
,7.0088888888888885,40.909348,112.04594,2900.0,268.36809300000004
,7.01,40.905697,112.05107,2990.0,288.04744800000003
,7.011388888888889,40.90261,112.05657,2990.0,280.078524
,7.0125,40.899242,112.06171,3110.0,278.134884
,7.0136111111111115,40.895874,112.066475,3200.0,266.71599900000007
,7.014722222222222,40.8925,112.07162,3260.0,278.523612
,7.015833333333333,40.889133,112.07675,3260.0,277.79474700000003
,7.016944444444444,40.885765,112.08189,3350.0,278.134884
,7.018055555555556,40.882397,112.08702,3440.0,277.843338
,7.019444444444445,40.87903,112.092155,3440.0,277.9891110000001
,7.020555555555555,40.87566,112.097664,3510.0,289.79672400000004
,7.0216666666666665,40.87145,112.10353,3600.0,330.807528
,7.022777777777778,40.868362,112.1083,3600.0,256.852026
,7.023888888888889,40.86471,112.113434,3660.0,288.33899400000007
,7.025,40.8605,112.12004,3690.0,353.402343
,7.026388888888889,40.857132,112.12554,3690.0,289.50517800000006
,7.0275,40.853203,112.13104,3720.0,309.52467
,7.028611111111111,40.849274,112.13691,3780.0,320.7006
,7.029722222222222,40.845623,112.142784,3840.0,311.079582
,7.030833333333334,40.841694,112.14865,3840.0,320.60341800000003
,7.031944444444444,40.837482,112.15489,3930.0,342.22641300000004
,7.033333333333333,40.83327,112.161125,3990.0,342.08063999999996
,7.0344444444444445,40.82962,112.16736,3990.0,322.64424
,7.035555555555556,40.82541,112.1736,4080.0,342.17782200000005
,7.036666666666666,40.82148,112.17947,4180.0,320.79778200000004
,7.0377777777777775,40.81783,112.18571,4180.0,322.83860400000003
,7.038888888888889,40.81362,112.19194,4240.0,341.886276
,7.040277777777778,40.80941,112.19817,4270.0,341.93486700000005
,7.041388888888889,40.805477,112.20478,4270.0,344.21864400000004
,7.0424999999999995,40.80127,112.21138,4300.0,353.305161
,7.043611111111111,40.796776,112.21799,4330.0,363.80081700000005
,7.044722222222222,40.792564,112.22422,4330.0,342.03204900000003
,7.045833333333333,40.788353,112.23119,4390.0,365.161365
,7.046944444444445,40.783863,112.23816,4480.0,374.78238300000004
,7.048333333333333,40.77965,112.24477,4570.0,353.88825299999996
,7.049444444444444,40.77544,112.25174,4570.0,365.20995600000003
,7.0505555555555555,40.77095,112.25834,4690.0,363.41208900000004
,7.051666666666667,40.766457,112.264946,4820.0,363.75222600000006
,7.052777777777778,40.762527,112.27191,4820.0,355.78330200000005
,7.053888888888888,40.758316,112.27815,4910.0,342.42077700000004
,7.0552777777777775,40.75467,112.284386,5000.0,322.79001300000004
,7.056388888888889,40.750736,112.29136,5000.0,356.26921200000004
,7.0575,40.747368,112.29759,5090.0,313.654905
,7.0586111111111105,40.74456,112.30419,5180.0,310.204944
,7.059722222222222,40.740913,112.311165,5180.0,347.328468
,7.060833333333333,40.738384,112.31814,5240.0,316.91050200000006
,7.062222222222222,40.73698,112.3262,5270.0,338.97081600000007
,7.0633333333333335,40.733334,112.33391,5300.0,372.498606
,7.064444444444444,40.729683,112.34125,5300.0,359.8649460000001
,7.065555555555555,40.715927,112.34675,5360.0,777.5045910000001
,7.066666666666666,40.706383,112.354454,5430.0,605.200905
,7.067777777777778,40.701893,112.36216,5430.0,398.54338200000007
,7.069166666666667,40.6974,112.36986,5460.0,398.44620000000003
,7.070277777777777,40.692627,112.3761,5490.0,363.509271
,7.0713888888888885,40.688416,112.3827,5490.0,353.791071
,7.0725,40.683643,112.3904,5550.0,407.92144500000006
,7.073611111111111,40.679153,112.402145,5610.0,539.554464
,7.074722222222222,40.67438,112.41168,5610.0,468.6601950000001
,7.075833333333333,40.668205,112.42049,5670.0,492.12964800000003
,7.077222222222222,40.662872,112.42856,5730.0,439.16545800000006
,7.078333333333333,40.657818,112.43589,5820.0,406.46371500000004
,7.079444444444444,40.653046,112.44323,5820.0,396.696924
,7.080555555555556,40.64799,112.45167,5880.0,441.303462
,7.081666666666666,40.64294,112.45937,5970.0,417.73682700000006
,7.082777777777777,40.636765,112.47221,5970.0,623.957031
,7.0841666666666665,40.631992,112.48102,6040.0,444.36469500000004
,7.085277777777778,40.62722,112.48835,6130.0,396.45396900000003
,7.086388888888888,40.622166,112.49569,6130.0,406.85244300000005
,7.0874999999999995,40.617672,112.50303,6190.0,387.17308800000006
,7.088611111111111,40.6129,112.5111,6250.0,420.020604
,7.089722222222222,40.609814,112.52027,6250.0,411.90590700000007
,7.091111111111111,40.606163,112.529076,6340.0,412.05168
,7.0922222222222215,40.603077,112.53788,6400.0,398.251836
,7.093333333333333,40.601673,112.54815,6400.0,428.57262000000003
,7.094444444444444,40.600548,112.558784,6430.0,440.96332500000005
,7.095555555555555,40.598866,112.568695,6490.0,417.10514400000005
,7.096666666666667,40.598305,112.57933,6520.0,437.85350100000005
,7.098055555555555,40.594936,112.5885,6520.0,418.41710100000006
,7.099166666666666,40.593533,112.598404,6580.0,413.80095600000004
,7.1002777777777775,40.592968,112.60941,6610.0,453.111075
,7.101388888888889,40.592407,112.62005,6610.0,438.096456
,7.1025,40.591846,112.63069,6680.0,438.096456
,7.10361111111111,40.591003,112.64133,6740.0,439.40841300000005
,7.104722222222222,40.58988,112.652336,6740.0,456.123717
,7.106111111111111,40.58904,112.66334,6800.0,454.277259
,7.107222222222222,40.588196,112.67471,6860.0,469.29187800000005
,7.108333333333333,40.587357,112.685715,6860.0,454.32585000000006
,7.109444444444444,40.58623,112.696724,6890.0,456.31808100000006
,7.110555555555555,40.58511,112.707726,6890.0,455.9779440000001
,7.111666666666666,40.58399,112.718735,6890.0,456.26948999999996
,7.1130555555555555,40.582863,112.72937,6890.0,441.1090980000001
,7.114166666666667,40.58202,112.74038,6890.0,454.56880500000005
,7.115277777777777,40.58062,112.751015,6890.0,443.39287500000006
,7.116388888888888,40.579216,112.761284,6890.0,428.66980200000006
,7.1175,40.578373,112.77193,6890.0,439.74855
,7.118611111111111,40.57697,112.78293,6890.0,458.2617210000001
,7.119999999999999,40.575844,112.79357,6890.0,441.35205300000007
,7.1211111111111105,40.574722,112.80421,6890.0,441.35205300000007
,7.122222222222222,40.5736,112.81485,6890.0,441.35205300000007
,7.123333333333333,40.572197,112.825485,6890.0,443.49005700000004
,7.124444444444444,40.570793,112.835754,6890.0,428.718393
,7.125555555555555,40.569668,112.8464,6890.0,441.64359900000005
,7.126944444444444,40.568546,112.85667,6890.0,426.33743400000003
,7.128055555555555,40.567142,112.86731,6890.0,443.73301200000003
,7.129166666666666,40.5663,112.877945,6890.0,439.359822
,7.130277777777778,40.564896,112.888214,6890.0,428.76698400000004
,7.131388888888888,40.563774,112.89886,6890.0,441.64359900000005
,7.132499999999999,40.56293,112.90986,6890.0,454.32585000000006
,7.133611111111112,40.56125,112.9205,6890.0,446.55129000000005
,7.135000000000001,40.560123,112.93114,6890.0,441.44923500000004
,7.136111111111112,40.559002,112.94141,6890.0,426.386025
,7.137222222222222,40.55816,112.95278,6890.0,469.486242
,7.138333333333334,40.557037,112.96342,6890.0,441.44923500000004
,7.139444444444445,40.555916,112.97406,6890.0,441.44923500000004
,7.140555555555556,40.55479,112.98433,6890.0,426.43461600000006
,7.141944444444444,40.553947,112.99423,6890.0,409.4277660000001
,7.143055555555556,40.552265,113.00414,6890.0,417.34809900000005
,7.144166666666667,40.55086,113.01551,6890.0,473.422113
,7.145277777777778,40.549175,113.02615,6890.0,446.697063
,7.14638888888889,40.548336,113.037155,6890.0,454.56880500000005
,7.147500000000001,40.54721,113.048164,6890.0,456.56103600000006
,7.148888888888889,40.54609,113.05807,6890.0,411.66295199999996
,7.15,40.544685,113.0687,6890.0,443.49005700000004
,7.151111111111112,40.543564,113.07898,6890.0,426.871935
,7.152222222222223,40.54244,113.089615,6890.0,441.35205300000007
,7.153333333333333,40.541035,113.099884,6890.0,428.91275700000006
,7.154444444444445,40.539913,113.11016,6890.0,426.72616200000004
,7.155833333333334,40.53879,113.12116,6890.0,456.22089900000003
,7.156944444444445,40.537388,113.13144,6890.0,429.35007600000006
,7.158055555555556,40.536263,113.142075,6890.0,441.400644
,7.159166666666667,40.53514,113.15234,6890.0,426.33743400000003
,7.160277777777778,40.533737,113.16335,6890.0,458.941995
,7.161388888888889,40.532894,113.17399,6890.0,439.79714100000007
,7.1625000000000005,40.531773,113.184265,6890.0,426.72616200000004
,7.16388888888889,40.53093,113.19527,6890.0,454.714578
,7.165,40.529808,113.20591,6890.0,441.64359900000005
,7.166111111111111,40.528965,113.21618,6890.0,424.68534000000005
,7.167222222222223,40.527843,113.22718,6890.0,456.31808100000006
,7.168333333333334,40.52672,113.23746,6890.0,427.0177080000001
,7.169444444444445,40.525875,113.24809,6890.0,439.45700400000004
,7.170833333333333,40.525036,113.258736,6890.0,440.040096
,7.171944444444445,40.52391,113.269005,6890.0,426.580389
,7.173055555555556,40.523067,113.28001,6890.0,454.763169
,7.174166666666667,40.521946,113.291016,6890.0,456.56103600000006
,7.175277777777778,40.520824,113.301285,6890.0,426.580389
,7.176388888888889,40.5197,113.31156,6890.0,426.871935
,7.177777777777778,40.518578,113.32183,6890.0,426.62898000000007
,7.178888888888889,40.517456,113.332466,6890.0,441.546417
,7.180000000000001,40.51633,113.34311,6890.0,441.88655400000005
,7.181111111111111,40.51549,113.35338,6890.0,424.733931
,7.182222222222222,40.514366,113.36402,6890.0,441.7407810000001
,7.183333333333334,40.513245,113.37502,6890.0,456.41526300000004
,7.184722222222223,40.5124,113.38603,6890.0,455.05471500000004
,7.185833333333334,40.51128,113.39667,6890.0,441.7407810000001
,7.186944444444444,40.510155,113.4073,6890.0,441.35205300000007
,7.188055555555556,40.509033,113.417946,6890.0,441.983736
,7.189166666666667,40.50791,113.42858,6890.0,441.546417
,7.190277777777778,40.506508,113.43886,6890.0,429.54444000000007
,7.1913888888888895,40.505665,113.44913,6890.0,424.831113
,7.192777777777778,40.504543,113.4594,6890.0,426.72616200000004
,7.193888888888889,40.50314,113.46967,6890.0,429.15571200000005
,7.195,40.502014,113.480675,6890.0,456.706809
,7.196111111111112,40.500893,113.491684,6890.0,456.8525820000001
,7.197222222222223,40.50005,113.50305,6890.0,469.729197
,7.198333333333333,40.498928,113.51406,6890.0,456.90117300000003
,7.199722222222222,40.497803,113.5247,6890.0,441.83796300000006
,7.200833333333334,40.496964,113.535706,6890.0,454.95753300000007
,7.201944444444445,40.49584,113.54634,6890.0,441.59500800000006
,7.203055555555555,40.494717,113.55698,6890.0,441.88655400000005
,7.204166666666667,40.49359,113.56652,6890.0,397.1342430000001
,7.205277777777778,40.49219,113.577156,6890.0,444.024558
,7.206666666666667,40.49135,113.58816,6890.0,454.95753300000007
,7.207777777777778,40.489384,113.598434,6890.0,435.81267900000006
,7.208888888888889,40.48798,113.60907,6890.0,444.07314900000006
,7.21,40.487698,113.62081,6890.0,483.188904
,7.211111111111111,40.486855,113.63145,6890.0,440.08868700000005
,7.2122222222222225,40.48545,113.64172,6890.0,429.301485
,7.213611111111112,40.483486,113.65236,6890.0,450.4385700000001
,7.214722222222222,40.482365,113.66263,6890.0,426.871935
,7.215833333333333,40.48152,113.674,6890.0,470.0207430000001
,7.216944444444445,40.4804,113.68501,6890.0,456.99835500000006
,7.218055555555556,40.479275,113.69528,6890.0,426.92052600000005
,7.219166666666667,40.478436,113.70739,6890.0,500.34152700000004
,7.220277777777778,40.475906,113.71729,6890.0,429.690213
,7.221666666666667,40.474224,113.72793,6890.0,447.1343820000001
,7.222777777777778,40.47282,113.737465,6890.0,399.612384
,7.223888888888889,40.471416,113.748474,6890.0,459.33072300000003
,7.2250000000000005,40.470573,113.759476,6890.0,455.00612400000006
,7.226111111111111,40.46973,113.76975,6890.0,425.21984100000003
,7.227222222222222,40.46861,113.78002,6890.0,426.92052600000005
,7.228611111111111,40.467205,113.79103,6890.0,459.379314
,7.229722222222223,40.466362,113.80167,6890.0,440.23446
,7.230833333333334,40.46524,113.812675,6890.0,456.9497640000001
,7.231944444444444,40.463837,113.82331,6890.0,444.1703310000001
,7.233055555555556,40.462433,113.83395,6890.0,444.413286
,7.234166666666667,40.46159,113.844955,6890.0,455.20048800000006
,7.235555555555556,40.460186,113.854126,6890.0,384.98649300000005
,7.236666666666666,40.459064,113.8655,6890.0,472.01297400000004
,7.237777777777778,40.457943,113.87614,6890.0,442.08091800000005
,7.238888888888889,40.45654,113.88677,6890.0,444.024558
,7.24,40.455696,113.897415,6890.0,440.47741500000006
,7.2411111111111115,40.455135,113.90915,6890.0,483.96636
,7.2425,40.45401,113.920525,6890.0,472.1101560000001
,7.243611111111111,40.453167,113.93116,6890.0,440.08868700000005
,7.244722222222222,40.452045,113.94217,6890.0,457.24131000000006
,7.245833333333334,40.450363,113.95244,6890.0,432.411309
,7.246944444444445,40.448677,113.962715,6890.0,432.65426400000007
,7.248055555555555,40.447834,113.97372,6890.0,455.2976700000001
,7.2491666666666665,40.44699,113.98509,6890.0,470.26369800000003
,7.250555555555556,40.44615,113.99573,6890.0,440.33164200000004
,7.251666666666667,40.445026,114.006004,6890.0,427.260663
,7.252777777777778,40.443905,114.01664,6890.0,442.032327
,7.253888888888889,40.44306,114.028015,6890.0,470.50665300000003
,7.255,40.44222,114.03902,6890.0,455.2976700000001
,7.256111111111111,40.441658,114.05039,6890.0,469.0489230000001
,7.2575,40.440815,114.05993,6890.0,395.384967
,7.258611111111111,40.439415,114.07093,6890.0,459.136359
,7.259722222222222,40.439415,114.082306,6890.0,468.320058
,7.260833333333333,40.43885,114.09294,6890.0,438.873912
,7.2619444444444445,40.43885,114.10395,6890.0,453.25684800000005
,7.263055555555556,40.438572,114.11385,6890.0,407.8728540000001
,7.264444444444444,40.43801,114.12449,6890.0,439.116867
,7.265555555555555,40.43717,114.1344,6890.0,410.4967680000001
,7.266666666666667,40.436886,114.14467,6890.0,423.081837
,7.267777777777778,40.436607,114.15568,6890.0,453.5483940000001
,7.268888888888889,40.436886,114.16851,6890.0,528.4271249999999
,7.27,40.436607,114.18135,6890.0,528.8158530000001
,7.271388888888889,40.436325,114.19236,6890.0,453.5483940000001
,7.2725,40.436043,114.20373,6890.0,468.36864900000006
,7.273611111111111,40.435482,114.21364,6890.0,409.13622000000004
,7.2747222222222225,40.43492,114.22427,6890.0,438.67954800000007
,7.275833333333333,40.434643,114.23492,6890.0,438.72813900000006
,7.276944444444444,40.434643,114.24555,6890.0,437.65913700000004
,7.2780555555555555,40.4338,114.25582,6890.0,425.268432
,7.279444444444445,40.432957,114.266464,6890.0,440.623188
,7.280555555555556,40.432114,114.277466,6890.0,455.249079
,7.281666666666666,40.432114,114.288475,6890.0,453.25684800000005
,7.282777777777778,40.431835,114.29911,6890.0,438.14504700000003
,7.283888888888889,40.43127,114.31012,6890.0,454.32585000000006
,7.285,40.43071,114.32002,6890.0,408.747492
,7.286388888888888,40.43043,114.33066,6890.0,438.33941100000004
,7.2875,40.429867,114.34167,6890.0,454.32585000000006
,7.288611111111111,40.42959,114.35267,6890.0,453.1596660000001
,7.289722222222222,40.429028,114.36368,6890.0,454.37444100000005
,7.2908333333333335,40.428467,114.37468,6890.0,453.93712200000004
,7.291944444444444,40.428185,114.38532,6890.0,438.38800200000003
,7.293333333333333,40.428185,114.39706,6890.0,483.38326800000004
,7.294444444444444,40.427624,114.40733,6890.0,423.956475
,7.295555555555556,40.42734,114.418335,6890.0,453.40262100000007
,7.296666666666667,40.4265,114.42861,6890.0,425.511387
,7.297777777777777,40.42566,114.43925,6890.0,440.47741500000006
,7.2988888888888885,40.425095,114.44988,6890.0,438.77673000000004
,7.300277777777778,40.425377,114.46126,6890.0,468.85455900000005
,7.301388888888889,40.424816,114.47189,6890.0,438.77673000000004
,7.3025,40.423973,114.48144,6890.0,395.87087700000006
,7.303611111111111,40.42369,114.49207,6890.0,437.999274
,7.304722222222222,40.42369,114.50491,6890.0,528.7186710000001
,7.305833333333333,40.423412,114.515915,6890.0,453.40262100000007
,7.3069444444444445,40.42285,114.52619,6890.0,424.19943000000006
,7.308333333333334,40.42257,114.53683,6890.0,438.38800200000003
,7.309444444444444,40.42201,114.547104,6890.0,424.150839
,7.310555555555555,40.421165,114.55774,6890.0,440.38023300000003
,7.3116666666666665,40.420605,114.568375,6890.0,438.971094
,7.312777777777778,40.420322,114.57902,6890.0,438.630957
,7.313888888888889,40.420322,114.59002,6890.0,452.96530200000007
,7.315277777777777,40.41976,114.60066,6890.0,439.21404900000005
,7.316388888888889,40.419483,114.611664,6890.0,453.40262100000007
,7.3175,40.420605,114.62231,6890.0,442.56682800000004
,7.318611111111111,40.419483,114.63294,6890.0,441.93514500000003
,7.319722222222222,40.41864,114.64321,6890.0,425.36561400000005
,7.320833333333333,40.417236,114.65349,6890.0,430.12753200000003
,7.322222222222222,40.416954,114.66412,6890.0,438.04786500000006
,7.323333333333333,40.416676,114.67477,6890.0,438.82532100000003
,7.3244444444444445,40.416393,114.68577,6890.0,453.25684800000005
,7.325555555555555,40.415833,114.69641,6890.0,439.21404900000005
,7.326666666666666,40.41527,114.70668,6890.0,424.05365700000004
,7.3277777777777775,40.41471,114.71768,6890.0,454.0343040000001
,7.329166666666667,40.41443,114.728325,6890.0,438.67954800000007
,7.330277777777778,40.41443,114.73969,6890.0,468.0771030000001
,7.331388888888888,40.413868,114.74997,6890.0,424.44238500000006
,7.3325,40.413586,114.76024,6890.0,423.22761
,7.333611111111111,40.413025,114.770874,6890.0,439.01968500000004
,7.334722222222222,40.412464,114.78152,6890.0,439.505595
,7.335833333333333,40.412464,114.79252,6890.0,453.01389300000005
,7.337222222222222,40.411903,114.80316,6890.0,439.26264000000003
,7.338333333333333,40.41162,114.8138,6890.0,438.485184
,7.339444444444444,40.41162,114.82481,6890.0,453.45121200000006
,7.3405555555555555,40.41106,114.83544,6890.0,438.873912
,7.341666666666667,40.410778,114.84571,6890.0,423.276201
,7.342777777777777,40.40994,114.85635,6890.0,440.57459700000004
,7.344166666666666,40.409657,114.867355,6860.0,453.49980300000004
,7.345277777777778,40.409096,114.878,6800.0,439.505595
,7.346388888888889,40.409096,114.88863,6770.0,437.80491
,7.3475,40.408813,114.89964,6740.0,453.74275800000004
,7.3486111111111105,40.408253,114.90991,6680.0,424.05365700000004
,7.349722222222222,40.40797,114.920555,6640.0,438.72813900000006
,7.351111111111111,40.407692,114.93119,6610.0,438.29082000000005
,7.352222222222222,40.40713,114.94146,6580.0,424.10224800000003
,7.353333333333333,40.40713,114.9521,6520.0,438.24222900000007
,7.354444444444444,40.406567,114.96274,6490.0,439.3112310000001
,7.355555555555555,40.40629,114.97338,6460.0,438.485184
,7.3566666666666665,40.405727,114.98402,6430.0,439.3112310000001
,7.358055555555556,40.405727,114.994286,6370.0,422.838882
,7.359166666666666,40.405445,115.00493,6340.0,438.67954800000007
,7.360277777777777,40.405445,115.01593,6310.0,453.06248400000004
,7.3613888888888885,40.404884,115.02657,6250.0,439.3112310000001
,7.3625,40.404602,115.03538,6190.0,363.21772500000003
,7.363611111111111,40.403763,115.04601,6160.0,440.1858690000001
,7.364999999999999,40.4032,115.055916,6130.0,409.184811
,7.366111111111111,40.402637,115.06656,6100.0,439.505595
,7.367222222222222,40.402077,115.07793,6070.0,469.340469
,7.368333333333333,40.401794,115.0882,6000.0,423.324792
,7.3694444444444445,40.401794,115.09847,5970.0,423.0332460000001
,7.370555555555555,40.401516,115.10801,5940.0,393.24696300000005
,7.371666666666666,40.401516,115.11791,5910.0,407.77567200000004
,7.373055555555555,40.401516,115.12819,5880.0,423.470565
,7.3741666666666665,40.401234,115.13846,5820.0,423.324792
,7.375277777777777,40.40039,115.14836,5790.0,410.35099500000007
,7.376388888888888,40.40039,115.15864,5760.0,423.470565
,7.3774999999999995,40.40039,115.16854,5730.0,407.82426300000003
,7.378611111111111,40.39955,115.178444,5700.0,410.4967680000001
,7.38,40.39899,115.18835,5670.0,409.184811
,7.38111111111111,40.39871,115.19826,5610.0,408.504537
,7.382222222222222,40.39871,115.20853,5580.0,423.0332460000001
,7.383333333333334,40.39871,115.218796,5550.0,422.887473
,7.384444444444445,40.398148,115.22834,5490.0,394.31596500000006
,7.385555555555556,40.397587,115.23824,5430.0,408.9418560000001
,7.3869444444444445,40.397305,115.248146,5390.0,408.35876400000006
,7.388055555555556,40.396744,115.25805,5360.0,409.13622000000004
,7.389166666666667,40.396744,115.26796,5330.0,408.26158200000003
,7.390277777777778,40.39646,115.27786,5300.0,408.115809
,7.39138888888889,40.39646,115.287766,5270.0,408.067218
,7.3925,40.3959,115.2973,5210.0,393.92723700000005
,7.393888888888889,40.39646,115.30758,5180.0,424.5881580000001
,7.3950000000000005,40.3959,115.317116,5150.0,394.024419
,7.396111111111112,40.396183,115.32702,5120.0,408.26158200000003
,7.397222222222223,40.39534,115.336555,5090.0,395.433558
,7.398333333333333,40.395058,115.34609,5060.0,393.10119000000003
,7.399444444444445,40.394215,115.35563,5000.0,395.62792200000007
,7.400555555555556,40.394215,115.36517,4970.0,393.004008
,7.401944444444445,40.393936,115.37471,4940.0,393.29555400000004
,7.4030555555555555,40.393654,115.38388,4910.0,378.086571
,7.404166666666667,40.393375,115.39342,4880.0,393.29555400000004
,7.405277777777778,40.392815,115.40259,4820.0,379.00980000000004
,7.406388888888889,40.393093,115.41139,4750.0,362.828997
,7.407500000000001,40.392532,115.42056,4720.0,379.00980000000004
,7.408888888888889,40.39225,115.4301,4690.0,393.29555400000004
,7.41,40.392532,115.44001,4660.0,408.5531280000001
,7.411111111111111,40.393093,115.44918,4600.0,379.00980000000004
,7.412222222222223,40.393093,115.45872,4570.0,393.004008
,7.413333333333334,40.393093,115.468254,4540.0,392.76105300000006
,7.414444444444444,40.39197,115.47706,4510.0,367.83387
,7.4158333333333335,40.390285,115.48586,4510.0,373.81056300000006
,7.416944444444445,40.387478,115.4943,4510.0,379.44711900000004
,7.418055555555556,40.38439,115.50274,4510.0,385.763949
,7.419166666666667,40.379898,115.51008,4510.0,387.950544
,7.420277777777778,40.375126,115.51668,4510.0,374.9767470000001
,7.421388888888889,40.370354,115.523285,4510.0,375.12252000000007
,7.422777777777778,40.36474,115.528786,4510.0,378.96120900000005
,7.423888888888889,40.358566,115.533554,4480.0,387.51322500000003
,7.425000000000001,40.35239,115.53796,4480.0,380.224575
,7.426111111111111,40.346214,115.54236,4450.0,380.12739300000004
,7.427222222222222,40.339756,115.54566,4450.0,374.87956500000007
,7.428333333333334,40.333298,115.5497,4420.0,387.02731500000004
,7.429444444444445,40.32712,115.5541,4390.0,380.273166
,7.430833333333334,40.321228,115.5585,4390.0,366.71627700000005
,7.4319444444444445,40.315052,115.56254,4360.0,373.32465300000007
,7.433055555555556,40.30916,115.56731,4360.0,374.53942800000004
,7.434166666666667,40.30326,115.572075,4330.0,374.830974
,7.435277777777778,40.297367,115.57648,4330.0,366.91064100000006
,7.436388888888889,40.29175,115.581245,4300.0,361.9057680000001
,7.437777777777778,40.28586,115.58565,4300.0,366.813459
,7.438888888888889,40.280243,115.59005,4270.0,353.93684400000006
,7.44,40.274345,115.59482,4240.0,374.87956500000007
,7.441111111111112,40.26845,115.59959,4240.0,374.73379200000005
,7.442222222222222,40.262836,115.604355,4210.0,361.80858600000005
,7.443333333333333,40.256943,115.60912,4210.0,374.53942800000004
,7.4447222222222225,40.251045,115.613525,4180.0,367.20218700000004
,7.445833333333334,40.245434,115.61829,4180.0,361.662813
,7.446944444444445,40.239536,115.622696,4150.0,367.250778
,7.448055555555555,40.23392,115.6271,4150.0,354.03402600000004
,7.449166666666667,40.228027,115.63187,4110.0,374.73379200000005
,7.450277777777778,40.222412,115.63627,4080.0,353.93684400000006
,7.451666666666667,40.216797,115.64067,4080.0,353.93684400000006
,7.452777777777778,40.210903,115.64544,4050.0,374.78238300000004
,7.453888888888889,40.20501,115.64984,4050.0,366.959232
,7.455,40.199394,115.65461,4020.0,362.10013200000003
,7.456111111111111,40.193497,115.65901,4020.0,367.15359600000005
,7.457222222222223,40.187603,115.663414,3990.0,367.105005
,7.458333333333334,40.181988,115.667816,3990.0,354.03402600000004
,7.459722222222222,40.176373,115.67222,3960.0,354.082617
,7.460833333333333,40.17048,115.67662,3960.0,367.00782300000003
,7.461944444444445,40.164864,115.6814,3930.0,362.39167800000007
,7.463055555555556,40.15897,115.686165,3930.0,374.73379200000005
,7.464166666666667,40.153355,115.69057,3900.0,354.131208
,7.465277777777778,40.14774,115.69497,3870.0,354.03402600000004
,7.466666666666667,40.142124,115.69937,3870.0,354.082617
,7.467777777777778,40.13651,115.70377,3840.0,353.985435
,7.468888888888889,40.130615,115.708176,3840.0,367.250778
,7.47,40.125,115.712944,3810.0,362.148723
,7.471111111111111,40.119385,115.71735,3810.0,354.179799
,7.472222222222222,40.11349,115.72175,3780.0,367.15359600000005
,7.473611111111111,40.107876,115.72615,3750.0,354.03402600000004
,7.474722222222223,40.101982,115.73092,3750.0,374.928156
,7.475833333333333,40.096085,115.73532,3720.0,367.250778
,7.476944444444444,40.090473,115.73972,3720.0,353.985435
,7.478055555555556,40.084576,115.74449,3690.0,375.12252000000007
,7.479166666666667,40.07896,115.74889,3690.0,354.179799
,7.480555555555556,40.073067,115.753296,3660.0,367.250778
,7.482777777777778,40.0624,115.76247,3630.0,690.769656
,7.483888888888889,40.057064,115.7665,3630.0,333.382851
,7.485,40.05117,115.77127,3600.0,375.02533800000003
,7.486111111111112,40.045555,115.77567,3600.0,354.179799
,7.487222222222222,40.03994,115.77971,3510.0,346.745376
,7.488333333333333,40.034607,115.78448,3510.0,349.6122450000001
,7.489722222222222,40.028713,115.78888,3480.0,367.20218700000004
,7.490833333333334,40.023098,115.792915,3450.0,346.64819400000005
,7.491944444444444,40.017483,115.79768,3450.0,362.24590500000005
,7.493055555555555,40.01215,115.802086,3410.0,341.35177500000003
,7.494166666666667,40.006256,115.806854,3410.0,375.0739290000001
,7.495277777777778,40.00092,115.81199,3380.0,358.60158000000007
,7.496388888888889,39.99587,115.81712,3350.0,346.11369300000007
,7.497777777777777,39.990532,115.82263,3350.0,368.12541600000003
,7.498888888888889,39.98576,115.82813,3320.0,344.36441700000006
,7.5,39.98071,115.83363,3320.0,355.78330200000005
,7.501111111111111,39.975655,115.839134,3290.0,356.123439
,7.502222222222223,39.970882,115.84428,3290.0,334.8891720000001
,7.503333333333333,39.96555,115.84941,3260.0,358.358625
,7.504722222222222,39.960217,115.85491,3260.0,367.6880970000001
,7.505833333333333,39.955162,115.86041,3230.0,356.02625700000004
,7.506944444444445,39.950108,115.86555,3200.0,346.64819400000005
,7.508055555555556,39.945057,115.87069,3200.0,346.502421
,7.509166666666666,39.939724,115.875824,3170.0,358.552989
,7.510277777777778,39.93467,115.88096,3170.0,346.551012
,7.511666666666667,39.929615,115.88646,3140.0,356.07484800000003
,7.512777777777778,39.924843,115.89123,3110.0,325.21956300000005
,7.513888888888889,39.919792,115.895996,3110.0,337.27013100000005
,7.515,39.91502,115.90114,3080.0,334.937763
,7.516111111111111,39.910526,115.90591,3050.0,313.46054100000003
,7.517222222222222,39.906036,115.910675,3020.0,313.168995
,7.518611111111111,39.901543,115.91544,2990.0,313.3147680000001
,7.519722222222222,39.89677,115.92021,2990.0,325.316745
,7.520833333333333,39.892,115.92498,2990.0,325.21956300000005
,7.521944444444444,39.887226,115.92975,2990.0,325.365336
,7.523055555555556,39.882736,115.93452,2990.0,313.36335900000006
,7.524166666666667,39.877964,115.939285,2990.0,325.170972
,7.525277777777777,39.87347,115.94259,2990.0,279.10670400000004
,7.526666666666666,39.8687,115.94699,2990.0,316.13304600000004
,7.527777777777778,39.86421,115.95139,2990.0,303.88811400000003
,7.528888888888889,39.859997,115.95616,2990.0,301.944474
,7.53,39.855503,115.96093,2990.0,313.557723
,7.531111111111111,39.851295,115.96533,2990.0,291.886137
,7.532222222222222,39.8468,115.9701,2990.0,313.60631400000005
,7.533611111111111,39.84231,115.97487,2990.0,313.41195000000005
,7.534722222222222,39.83782,115.97964,2990.0,313.41195000000005
,7.535833333333334,39.833607,115.98404,2990.0,292.129092
,7.536944444444444,39.829117,115.98844,2990.0,303.936705
,7.538055555555555,39.824627,115.99321,2990.0,313.46054100000003
,7.539166666666667,39.820415,115.99761,2990.0,292.080501
,7.540555555555556,39.816204,116.00239,2990.0,302.18742900000007
,7.541666666666667,39.81171,116.00679,2990.0,304.17966
,7.542777777777777,39.80722,116.01156,2990.0,313.46054100000003
,7.543888888888889,39.802727,116.01596,2990.0,304.1310690000001
,7.545,39.798237,116.021095,2990.0,323.324514
,7.546111111111111,39.793747,116.02586,2990.0,313.36335900000006
,7.5475,39.789536,116.030266,2990.0,292.27486500000003
,7.548611111111111,39.78504,116.03467,2990.0,304.374024
,7.549722222222222,39.780552,116.03944,2990.0,313.46054100000003
,7.550833333333333,39.776623,116.04347,2990.0,270.603279
,7.551944444444445,39.77213,116.04824,2960.0,313.654905
,7.553055555555555,39.76764,116.05264,2960.0,304.03388700000005
,7.554166666666666,39.762867,116.05741,2930.0,325.5597
,7.555555555555555,39.758656,116.06218,2930.0,302.04165600000005
,7.556666666666667,39.75416,116.06695,2930.0,313.84926900000005
,7.557777777777778,39.749672,116.07172,2900.0,313.509132
,7.558888888888888,39.74518,116.076485,2900.0,313.557723
,7.56,39.74069,116.08089,2870.0,304.22825100000006
,7.561111111111111,39.7362,116.08603,2870.0,323.5674690000001
,7.5625,39.732265,116.09116,2840.0,301.40997300000004
,7.563611111111111,39.728336,116.09703,2840.0,323.71324200000004
,7.564722222222222,39.72553,116.103264,2840.0,300.486744
,7.565833333333333,39.723003,116.10987,2810.0,306.94934700000005
,7.566944444444444,39.720757,116.11721,2810.0,328.669524
,7.5680555555555555,39.719353,116.12454,2810.0,314.28658800000005
,7.569444444444445,39.718792,116.132614,2770.0,337.3187220000001
,7.570555555555555,39.71823,116.13995,2770.0,306.754983
,7.571666666666666,39.71851,116.148026,2740.0,336.34690200000006
,7.572777777777778,39.718792,116.1561,2740.0,336.29831100000007
,7.573888888888889,39.718792,116.16343,2740.0,304.95711600000004
,7.575,39.719074,116.171135,2710.0,320.943555
,7.576388888888888,39.720196,116.178474,2710.0,311.322537
,7.5775,39.720196,116.18581,2680.0,305.200071
,7.578611111111111,39.719913,116.19351,2680.0,320.74919100000005
,7.579722222222222,39.719635,116.20085,2680.0,305.734572
,7.5808333333333335,39.719074,116.20855,2650.0,321.81819300000006
,7.581944444444444,39.718792,116.21552,2620.0,290.37981600000006
,7.583055555555555,39.718792,116.22323,2620.0,320.79778200000004
,7.584444444444444,39.71851,116.230194,2620.0,290.136861
,7.585555555555556,39.71823,116.2379,2590.0,320.992146
,7.586666666666666,39.71795,116.24524,2590.0,305.783163
,7.587777777777777,39.71739,116.252945,2560.0,322.012557
,7.588888888888889,39.717106,116.25991,2560.0,290.185452
,7.59,39.716827,116.266884,2560.0,290.57418
,7.591388888888889,39.716545,116.274216,2530.0,305.44302600000003
,7.592499999999999,39.716267,116.281555,2530.0,305.734572
,7.593611111111111,39.716267,116.288895,2500.0,305.394435
,7.594722222222222,39.715984,116.29623,2500.0,305.588799
,7.595833333333333,39.715702,116.3032,2500.0,290.42840700000005
,7.5969444444444445,39.715424,116.31054,2470.0,305.783163
,7.598333333333333,39.714863,116.31824,2470.0,321.81819300000006
,7.599444444444444,39.71458,116.32521,2470.0,290.42840700000005
,7.600555555555555,39.7143,116.33255,2440.0,305.783163
,7.601666666666667,39.71402,116.33988,2440.0,305.394435
,7.602777777777778,39.713737,116.346855,2410.0,290.622771
,7.603888888888888,39.713177,116.354195,2380.0,306.90075600000006
,7.605277777777777,39.7129,116.36116,2380.0,290.185452
,7.606388888888889,39.712616,116.36813,2350.0,290.42840700000005
,7.6075,39.712616,116.3751,2350.0,290.03967900000004
,7.60861111111111,39.712055,116.38207,2320.0,291.594591
,7.609722222222222,39.712055,116.38904,2320.0,290.03967900000004
,7.610833333333333,39.711773,116.39601,2290.0,290.42840700000005
,7.612222222222222,39.711494,116.40262,2290.0,275.462379
,7.613333333333333,39.711212,116.40922,2260.0,275.07365100000004
,7.614444444444444,39.711212,116.41545,2260.0,259.232985
,7.615555555555555,39.71093,116.422424,2230.0,290.57418
,7.616666666666667,39.71065,116.42866,2230.0,259.91325900000004
,7.617777777777778,39.71037,116.435265,2200.0,275.26801500000005
,7.61888888888889,39.71037,116.4415,2200.0,259.42734900000005
,7.620277777777778,39.71009,116.44774,2170.0,260.107623
,7.621388888888889,39.71009,116.45434,2170.0,274.63633200000004
,7.6225000000000005,39.70981,116.46058,2130.0,260.107623
,7.623611111111112,39.70981,116.46681,2130.0,259.232985
,7.624722222222223,39.709526,116.47305,2130.0,260.107623
,7.6258333333333335,39.709248,116.47892,2100.0,244.70427600000005
,7.627222222222223,39.708965,116.48479,2070.0,244.75286700000004
,7.628333333333334,39.708965,116.49066,2070.0,244.26695700000002
,7.629444444444445,39.708687,116.49653,2040.0,244.70427600000005
,7.630555555555556,39.708405,116.50203,2040.0,229.39811100000006
,7.631666666666667,39.708405,116.50753,2040.0,228.86361
,7.632777777777778,39.708126,116.51304,2010.0,229.78683900000001
,7.634166666666666,39.708405,116.51854,2010.0,229.34951999999998
,7.635277777777778,39.708965,116.52404,2010.0,230.85584100000003
,7.636388888888888,39.71009,116.52954,1980.0,236.83253400000004
,7.637499999999999,39.712616,116.53358,1980.0,216.618678
,7.638611111111111,39.715424,116.53798,1980.0,237.90153600000002
,7.639722222222222,39.718792,116.54165,1950.0,237.70717200000004
,7.641111111111111,39.72216,116.54495,1950.0,228.13474499999998
,7.642222222222221,39.72637,116.54715,1920.0,245.433141
,7.643333333333333,39.731144,116.548256,1920.0,262.294218
,7.644444444444444,39.735355,116.55045,1890.0,245.38455000000002
,7.645555555555555,39.738724,116.55266,1860.0,204.08220000000003
,7.6466666666666665,39.742935,116.55376,1830.0,232.31357100000002
,7.647777777777777,39.746864,116.55559,1800.0,225.75378600000002
,7.649166666666666,39.750515,116.55779,1770.0,217.639089
,7.650277777777778,39.754444,116.55999,1770.0,231.390342
,7.6513888888888895,39.757812,116.562195,1740.0,203.93642700000004
,7.652500000000001,39.761463,116.56476,1710.0,224.441829
,7.653611111111111,39.76511,116.56696,1710.0,217.444725
,7.654722222222222,39.76876,116.56916,1680.0,217.590498
,7.6561111111111115,39.77241,116.571365,1650.0,217.68768
,7.657222222222223,39.77606,116.57356,1650.0,217.493316
,7.658333333333334,39.779427,116.57577,1620.0,203.98501800000003
,7.6594444444444445,39.783077,116.57834,1590.0,224.49042000000003
,7.660555555555556,39.786446,116.58017,1590.0,197.473824
,7.661666666666667,39.790096,116.58274,1560.0,224.49042000000003
,7.663055555555556,39.793747,116.58494,1520.0,217.639089
,7.6641666666666675,39.797115,116.58714,1520.0,203.83924500000003
,7.665277777777778,39.800762,116.58934,1490.0,217.444725
,7.666388888888889,39.804413,116.591545,1460.0,217.68768
,7.6675,39.808342,116.59374,1460.0,231.29316
,7.668611111111112,39.81171,116.59595,1430.0,204.033609
,7.669722222222222,39.81536,116.59778,1400.0,211.56521400000003
,7.671111111111111,39.81901,116.59961,1370.0,211.56521400000003
,7.6722222222222225,39.82266,116.601814,1340.0,217.639089
,7.673333333333334,39.82631,116.60401,1340.0,217.493316
,7.674444444444445,39.82996,116.60622,1310.0,217.73627100000002
,7.6755555555555555,39.833607,116.60841,1280.0,217.250361
,7.676666666666667,39.837257,116.61062,1280.0,217.73627100000002
,7.678055555555556,39.840626,116.612816,1250.0,203.79065400000002
,7.679166666666667,39.844276,116.61502,1220.0,217.639089
,7.680277777777778,39.847927,116.61722,1220.0,217.590498
,7.681388888888889,39.851295,116.61979,1190.0,211.12789500000002
,7.6825,39.854942,116.62199,1160.0,217.39613400000005
,7.683611111111111,39.858593,116.623825,1160.0,211.662396
,7.6850000000000005,39.862244,116.62639,1130.0,224.39323800000003
,7.686111111111112,39.86589,116.62859,1130.0,217.347543
,7.687222222222222,39.86898,116.630424,1130.0,183.67398
,7.6883333333333335,39.87235,116.63226,1100.0,197.571006
,7.689444444444445,39.875717,116.63446,1100.0,203.74206300000003
,7.690555555555556,39.879086,116.636665,1070.0,203.93642700000004
,7.691944444444444,39.882454,116.63886,1040.0,203.69347200000004
,7.6930555555555555,39.885822,116.640335,1040.0,192.17740500000002
,7.694166666666667,39.88919,116.64253,1010.0,203.69347200000004
,7.695277777777778,39.89228,116.644,1010.0,177.94024200000004
,7.696388888888889,39.895927,116.64547,980.0,206.51175
,7.697500000000001,39.8993,116.645836,980.0,183.090888
,7.698611111111111,39.902668,116.6451,950.0,184.742982
,7.7,39.906597,116.64363,950.0,221.08905000000001
,7.7011111111111115,39.910248,116.642166,920.0,206.608932
,7.702222222222223,39.914177,116.6418,920.0,213.071535
,7.703333333333333,39.917828,116.6407,880.0,202.67306100000005
,7.704444444444444,39.921474,116.639595,850.0,202.47869700000004
,7.705555555555556,39.925125,116.63886,820.0,199.806192
,7.706944444444445,39.928493,116.6385,820.0,182.799342
,7.708055555555556,39.93186,116.63813,790.0,182.750751
,7.7091666666666665,39.935513,116.6374,760.0,199.903374
,7.710277777777778,39.93916,116.63703,760.0,197.86255200000002
,7.711388888888889,39.94253,116.6363,730.0,184.79157300000003
,7.7125,39.945618,116.63557,700.0,169.77695400000002
,7.7138888888888895,39.948986,116.63519,700.0,182.847933
,7.715,39.952076,116.63483,670.0,167.784723
,7.716111111111111,39.955162,116.63446,640.0,167.63895000000002
,7.717222222222222,39.958252,116.63373,640.0,169.87413600000005
,7.718333333333334,39.961056,116.63336,610.0,152.429967
,7.719444444444445,39.963863,116.632996,610.0,152.57574000000002
,7.720833333333333,39.966953,116.63226,580.0,169.92272700000004
,7.7219444444444445,39.96976,116.6319,580.0,152.57574000000002
,7.723055555555556,39.97257,116.63153,550.0,152.77010400000003
,7.724166666666667,39.975376,116.631165,550.0,152.527149
,7.7252777777777775,39.97818,116.63079,520.0,152.47855800000002
,7.726388888888889,39.980988,116.630424,490.0,152.624331
,7.727777777777778,39.983795,116.62969,490.0,154.859517
,7.728888888888889,39.986324,116.629326,460.0,137.609712
,7.73,39.989132,116.62896,460.0,152.624331
,7.731111111111111,39.991936,116.62859,430.0,152.429967
,7.732222222222222,39.994465,116.62859,430.0,136.78366499999998
,7.733333333333333,39.997272,116.62786,400.0,154.81092600000002
,7.734444444444445,39.999798,116.627495,400.0,137.463939
,7.735833333333334,40.002605,116.62713,370.0,152.57574000000002
,7.736944444444444,40.005413,116.62639,370.0,154.95669900000001
,7.7380555555555555,40.00794,116.62602,340.0,137.561121
,7.739166666666667,40.010746,116.62602,310.0,151.79828400000002
,7.740277777777778,40.01327,116.625656,310.0,137.366757
,7.741388888888889,40.01608,116.62492,310.0,155.00529000000003
,7.7427777777777775,40.018887,116.62456,280.0,152.57574000000002
,7.743888888888889,40.021694,116.62419,280.0,152.624331
,7.745,40.02422,116.623825,240.0,137.463939
,7.746111111111111,40.02731,116.62346,240.0,167.83331400000003
,7.747222222222223,40.030117,116.62309,210.0,152.624331
,7.748333333333333,40.032925,116.62273,210.0,152.624331
,7.749722222222222,40.03545,116.62236,180.0,137.41534800000002
,7.7508333333333335,40.038258,116.62162,180.0,154.95669900000001
,7.751944444444445,40.041065,116.621254,150.0,152.57574000000002
,7.753055555555555,40.04359,116.62052,120.0,139.94208
,7.754166666666666,40.0464,116.620155,120.0,152.77010400000003
,7.755277777777778,40.049206,116.620155,90.0,151.79828400000002
,7.756388888888889,40.05173,116.61979,90.0,137.366757
,7.757777777777778,40.05454,116.61942,90.0,152.77010400000003
,7.7588888888888885,40.057346,116.61906,90.0,152.527149
