44,CHH7141054,B763,D,ZBAA,ZUUU,36L       
,21.318055555555556,40.11405,116.56806,530.0,192.08022300000002
,21.319444444444443,40.117985,116.56476,560.0,252.867564
,21.320555555555554,40.12079,116.56183,620.0,194.169636
,21.321666666666665,40.12388,116.55926,680.0,198.10550700000002
,21.322777777777777,40.127247,116.55633,740.0,218.756682
,21.323888888888888,40.130333,116.55376,770.0,197.911143
,21.325,40.133705,116.55082,800.0,219.19400100000001
,21.32638888888889,40.13679,116.54862,870.0,190.03940100000003
,21.3275,40.14044,116.54495,900.0,249.028875
,21.328611111111112,40.14409,116.54128,960.0,249.028875
,21.329722222222223,40.14802,116.53798,1020.0,252.62460900000005
,21.330833333333334,40.15167,116.53468,1080.0,239.99094900000003
,21.331944444444446,40.1556,116.53101,1140.0,261.176625
,21.333055555555557,40.15953,116.52771,1200.0,252.57601800000006
,21.334444444444443,40.16402,116.52404,1260.0,286.346763
,21.335555555555555,40.168232,116.52074,1320.0,265.549815
,21.336666666666666,40.172443,116.51744,1380.0,265.50122400000004
,21.337777777777777,40.176094,116.5145,1440.0,231.87625200000002
,21.33888888888889,40.180866,116.51047,1440.0,307.19230200000004
,21.34,40.18564,116.5068,1570.0,299.466333
,21.341388888888886,40.19041,116.5035,1630.0,291.83754600000003
,21.342499999999998,40.195183,116.49983,1810.0,299.417742
,21.34361111111111,40.199955,116.49653,1900.0,291.93472800000006
,21.34472222222222,40.204727,116.493225,1990.0,292.03191000000004
,21.34583333333333,40.20978,116.48992,2050.0,305.54020800000006
,21.346944444444443,40.214554,116.48699,2150.0,285.180579
,21.348333333333333,40.219887,116.48369,2210.0,319.048506
,21.349444444444444,40.224937,116.480385,2270.0,305.345844
,21.350555555555555,40.230274,116.477455,2330.0,313.02322200000003
,21.351666666666667,40.235325,116.47415,2390.0,305.394435
,21.352777777777778,40.24066,116.47048,2450.0,325.948428
,21.35388888888889,40.245995,116.46718,2510.0,319.145688
,21.35527777777778,40.251328,116.46351,2570.0,325.851246
,21.35638888888889,40.256943,116.45985,2600.0,339.21377100000007
,21.3575,40.262276,116.45618,2630.0,325.851246
,21.358611111111113,40.26761,116.45251,2630.0,325.851246
,21.359722222222224,40.273224,116.44847,2660.0,346.45383
,21.360833333333336,40.27884,116.4448,2660.0,339.45672600000006
,21.361944444444447,40.284172,116.440765,2790.0,333.04271400000005
,21.363333333333333,40.289505,116.437096,2850.0,325.802655
,21.364444444444445,40.294838,116.43343,3000.0,325.70547300000004
,21.365555555555556,40.300175,116.4294,3090.0,333.139896
,21.366666666666667,40.305508,116.42573,3260.0,325.802655
,21.36777777777778,40.31084,116.42169,3290.0,333.09130500000003
,21.36888888888889,40.315895,116.41692,3320.0,336.83281200000005
,21.37027777777778,40.320667,116.41179,3350.0,333.771579
,21.37138888888889,40.325157,116.405914,3380.0,343.10105100000004
,21.3725,40.32909,116.399315,3410.0,345.433419
,21.37361111111111,40.33246,116.391975,3440.0,353.305161
,21.37472222222222,40.335262,116.3839,3510.0,365.84163900000004
,21.375833333333333,40.336388,116.3751,3600.0,367.931052
,21.377222222222223,40.33779,116.36666,3690.0,356.17203
,21.378333333333334,40.338352,116.35822,3840.0,349.32069900000005
,21.379444444444445,40.338352,116.34979,3900.0,347.5714230000001
,21.380555555555556,40.33779,116.34172,4050.0,334.11171600000006
,21.381666666666668,40.336666,116.334015,4110.0,323.47028700000004
,21.38277777777778,40.334984,116.326675,4210.0,316.03586400000006
,21.384166666666665,40.333298,116.31934,4300.0,315.89009100000004
,21.385277777777777,40.33021,116.31237,4390.0,332.41103100000004
,21.386388888888888,40.326843,116.30614,4540.0,314.918271
,21.3875,40.323475,116.2999,4600.0,315.306999
,21.38861111111111,40.319542,116.29476,4660.0,300.340971
,21.389722222222222,40.315052,116.28926,4720.0,332.313849
,21.390833333333333,40.311123,116.28376,4820.0,310.836627
,21.392222222222223,40.307472,116.277885,4880.0,312.634494
,21.393333333333334,40.303543,116.27202,4910.0,322.012557
,21.394444444444446,40.300453,116.26541,4940.0,319.825962
,21.395555555555553,40.297085,116.25918,4970.0,315.01545300000004
,21.396666666666665,40.293438,116.25257,5000.0,336.589857
,21.397777777777776,40.289787,116.24597,5030.0,336.39549300000004
,21.399166666666666,40.286137,116.239,5060.0,348.83478900000006
,21.400277777777777,40.282207,116.2324,5090.0,345.48201
,21.40138888888889,40.277996,116.22579,5150.0,355.345983
,21.4025,40.273785,116.21846,5210.0,378.669663
,21.40361111111111,40.269295,116.21185,5240.0,365.2585470000001
,21.404722222222222,40.26536,116.20525,5330.0,345.72496500000005
,21.40611111111111,40.26087,116.19828,5390.0,376.48306800000006
,21.40722222222222,40.256382,116.19168,5520.0,364.91841
,21.40833333333333,40.25189,116.18471,5580.0,376.58025000000004
,21.409444444444443,40.2474,116.177734,5610.0,376.726023
,21.410555555555554,40.242905,116.171135,5670.0,365.161365
,21.411666666666665,40.238415,116.16453,5760.0,365.20995600000003
,21.413055555555555,40.23392,116.157196,5820.0,388.38786300000004
,21.414166666666667,40.22943,116.15059,5880.0,365.2585470000001
,21.415277777777778,40.224937,116.14326,5940.0,388.1934990000001
,21.41638888888889,40.220165,116.136284,6000.0,386.83295100000004
,21.4175,40.215675,116.12968,6070.0,365.20995600000003
,21.41861111111111,40.210903,116.122345,6130.0,398.0088810000001
,21.419722222222223,40.20641,116.11574,6130.0,365.40432
,21.421111111111113,40.20192,116.10877,6190.0,376.677432
,21.422222222222224,40.19743,116.102165,6220.0,365.307138
,21.423333333333336,40.192657,116.0952,6250.0,386.63858700000003
,21.424444444444447,40.188164,116.08859,6250.0,365.598684
,21.425555555555558,40.18339,116.08163,6280.0,386.541405
,21.42666666666667,40.17862,116.07465,6280.0,387.02731500000004
,21.428055555555556,40.173847,116.06805,6280.0,375.55983900000007
,21.429166666666667,40.169357,116.06108,6310.0,376.823205
,21.43027777777778,40.164864,116.05411,6310.0,376.920387
,21.43138888888889,40.160374,116.04751,6310.0,365.2585470000001
,21.4325,40.15588,116.040535,6310.0,377.16334200000006
,21.433611111111112,40.151108,116.03357,6310.0,386.68717799999996
,21.435,40.146618,116.026596,6310.0,377.01756900000004
,21.43611111111111,40.142124,116.02,6310.0,365.35572900000005
,21.43722222222222,40.137634,116.01302,6310.0,377.211933
,21.438333333333333,40.132862,116.00605,6310.0,386.930133
,21.439444444444444,40.12865,115.999084,6310.0,367.29936900000007
,21.440555555555555,40.12388,115.99211,6310.0,386.97872400000006
,21.441944444444445,40.119385,115.98551,6310.0,365.550093
,21.443055555555556,40.114613,115.97854,6310.0,386.97872400000006
,21.444166666666668,40.10984,115.97157,6310.0,387.02731500000004
,21.44527777777778,40.10535,115.96423,6310.0,388.82518200000004
,21.44638888888889,40.10058,115.95726,6310.0,386.930133
,21.4475,40.096085,115.950294,6310.0,377.06616
,21.448611111111113,40.091595,115.94332,6310.0,377.16334200000006
,21.45,40.086823,115.936356,6310.0,386.8815420000001
,21.45111111111111,40.08205,115.92938,6310.0,387.318861
,21.452222222222222,40.077557,115.92204,6310.0,389.019546
,21.453333333333333,40.073067,115.91544,6310.0,365.550093
,21.45583333333333,40.064083,115.90114,6310.0,765.842751
,21.456944444444442,40.05987,115.8949,6310.0,344.46159900000004
,21.458055555555553,40.05538,115.8883,6310.0,365.598684
,21.459444444444443,40.05117,115.88169,6310.0,356.02625700000004
,21.460555555555555,40.04668,115.87509,6310.0,365.598684
,21.461666666666666,40.04247,115.86885,6310.0,344.413008
,21.462777777777777,40.038536,115.86225,6310.0,346.40523900000005
,21.46388888888889,40.03433,115.85601,6310.0,344.315826
,21.465,40.030117,115.84941,6310.0,355.8804840000001
,21.46611111111111,40.026184,115.84354,6310.0,323.0815590000001
,21.467499999999998,40.021976,115.8373,6310.0,344.413008
,21.46861111111111,40.018044,115.831436,6310.0,322.887195
,21.46972222222222,40.014114,115.825195,6310.0,334.694808
,21.47083333333333,40.010185,115.81933,6310.0,322.79001300000004
,21.471944444444443,40.006256,115.81346,6310.0,322.98437700000005
,21.473055555555554,40.002605,115.80759,6310.0,313.3147680000001
,21.474166666666665,39.998676,115.80172,6310.0,322.98437700000005
,21.475555555555555,39.994743,115.79585,6310.0,323.13015
,21.476666666666667,39.990814,115.78961,6310.0,334.694808
,21.477777777777778,39.986885,115.783745,6310.0,322.887195
,21.478888888888886,39.983234,115.77787,6310.0,313.509132
,21.479999999999997,39.979305,115.772,6340.0,323.032968
,21.481111111111108,39.975094,115.766136,6340.0,333.09130500000003
,21.482499999999998,39.971443,115.759895,6370.0,325.462518
,21.483611111111113,39.967796,115.75403,6400.0,313.071813
,21.484722222222224,39.963863,115.74816,6460.0,323.22733200000005
,21.485833333333336,39.959934,115.74265,6520.0,312.002811
,21.486944444444447,39.956005,115.736786,6580.0,322.935786
,21.488333333333333,39.952076,115.73092,6640.0,322.98437700000005
,21.489444444444445,39.948425,115.725044,6710.0,313.654905
,21.490555555555556,39.945057,115.71918,6770.0,303.83952300000004
,21.491666666666667,39.941128,115.71368,6830.0,311.759856
,21.49277777777778,39.937477,115.708176,6890.0,301.847292
,21.49388888888889,39.933826,115.7023,6920.0,313.70349600000003
,21.495,39.930458,115.6968,6980.0,291.93472800000006
,21.49638888888889,39.926807,115.691666,7130.0,290.42840700000005
,21.497500000000002,39.92344,115.686165,7190.0,291.983319
,21.498611111111114,39.920353,115.68102,7250.0,270.992007
,21.499722222222225,39.916985,115.67589,7320.0,280.12711500000006
,21.500833333333333,39.914177,115.67112,7410.0,249.466194
,21.501944444444444,39.91137,115.66635,7470.0,249.417603
,21.503333333333334,39.908844,115.66195,7530.0,228.03756300000003
,21.504444444444445,39.905754,115.656815,7560.0,270.797643
,21.505555555555556,39.88863,115.6348,7620.0,1301.0240250000002
,21.506666666666668,39.881893,115.62527,7650.0,537.805188
,21.50777777777778,39.877964,115.61977,7710.0,311.90562900000003
,21.50888888888889,39.874313,115.613525,7740.0,325.89983700000005
,21.51,39.870384,115.606926,7770.0,346.69678500000003
,21.511388888888888,39.866173,115.60032,7830.0,356.51216700000003
,21.5125,39.86196,115.594086,7890.0,344.85032700000005
,21.51361111111111,39.85775,115.58748,7920.0,356.51216700000003
,21.514722222222222,39.85354,115.581245,7990.0,344.801736
,21.515833333333333,39.84905,115.575005,8020.0,355.151619
,21.51722222222222,39.844837,115.568405,8020.0,356.46357600000005
,21.51833333333333,39.840347,115.562164,8050.0,355.20021
,21.519444444444442,39.836136,115.5552,8080.0,368.1740070000001
,21.520555555555553,39.831364,115.54896,8080.0,365.793048
,21.521666666666665,39.82687,115.54199,8080.0,378.03798000000006
,21.522777777777776,39.82182,115.53429,8110.0,420.65228700000006
,21.523888888888887,39.817047,115.52695,8110.0,399.5637930000001
,21.525277777777777,39.812553,115.519615,8110.0,389.84559300000006
,21.52638888888889,39.807503,115.512276,8140.0,409.37917500000003
,21.5275,39.802727,115.50457,8170.0,411.419997
,21.52861111111111,39.79262,115.48733,8200.0,901.2172770000001
,21.529722222222222,39.78757,115.47963,8260.0,420.7494690000001
,21.530833333333334,39.783077,115.47302,8320.0,366.813459
,21.53222222222222,39.778587,115.46642,8380.0,366.424731
,21.533333333333335,39.774094,115.45945,8440.0,378.183753
,21.534444444444446,39.769043,115.45211,8470.0,409.57353900000004
,21.535555555555558,39.76455,115.44551,8530.0,366.57050399999997
,21.53666666666667,39.76006,115.43817,8600.0,390.039957
,21.53777777777778,39.755566,115.43157,8630.0,366.619095
,21.53888888888889,39.750793,115.42423,8660.0,399.806748
,21.540277777777778,39.74602,115.41689,8750.0,399.806748
,21.54138888888889,39.74125,115.40993,8780.0,387.7561800000001
,21.5425,39.736477,115.40259,8840.0,399.855339
,21.54361111111111,39.731705,115.39562,8870.0,388.1934990000001
,21.544722222222223,39.72665,115.38828,8870.0,409.865085
,21.546111111111113,39.721878,115.38058,8900.0,411.419997
,21.547222222222224,39.717106,115.37361,8900.0,388.24209
,21.548333333333336,39.712334,115.36627,8930.0,399.855339
,21.549444444444447,39.707283,115.35857,8960.0,421.08960600000006
,21.550555555555555,39.70223,115.35123,8960.0,409.865085
,21.551666666666666,39.696896,115.34316,8990.0,442.76119200000005
,21.552777777777777,39.69184,115.33546,8990.0,421.33256100000006
,21.554166666666667,39.68679,115.32775,9020.0,421.429743
,21.55527777777778,39.681454,115.320045,9050.0,431.4880800000001
,21.55638888888889,39.67612,115.31198,9050.0,442.71260100000006
,21.5575,39.670788,115.30391,9080.0,442.80978300000004
,21.558611111111112,39.665455,115.29584,9110.0,442.858374
,21.559722222222224,39.660122,115.287766,9140.0,443.00414700000005
,21.561111111111114,39.654785,115.27933,9170.0,454.714578
,21.56222222222222,39.649452,115.271255,9270.0,443.05273800000003
,21.563333333333333,39.643837,115.26318,9330.0,453.1596660000001
,21.564444444444444,39.638786,115.25512,9390.0,432.8486280000001
,21.565555555555555,39.63345,115.24741,9450.0,431.82821700000005
,21.566666666666666,39.628117,115.23934,9540.0,443.00414700000005
,21.567777777777778,39.622784,115.23127,9630.0,443.00414700000005
,21.569166666666668,39.61745,115.2232,9690.0,443.05273800000003
,21.57027777777778,39.611835,115.21513,9780.0,453.111075
,21.57138888888889,39.607063,115.207794,9850.0,400.09829400000007
,21.572499999999998,39.60201,115.19972,9940.0,433.5289020000001
,21.57361111111111,39.59696,115.19238,10000.0,410.1080400000001
,21.575,39.591904,115.18431,10030.0,433.5289020000001
,21.57611111111111,39.58685,115.17698,10090.0,410.01085800000004
,21.577222222222222,39.581516,115.16927,10150.0,431.925399
,21.578333333333333,39.576744,115.16157,10210.0,411.90590700000007
,21.579444444444444,39.571693,115.154236,10240.0,410.05944900000003
,21.580555555555556,39.56664,115.14653,10300.0,421.81847100000005
,21.581666666666667,39.561867,115.138824,10360.0,412.19745300000005
,21.583055555555557,39.556812,115.131485,10420.0,410.39958600000006
,21.584166666666665,39.55204,115.12415,10550.0,400.24406700000003
,21.585277777777776,39.54699,115.11681,10610.0,410.3024040000001
,21.586388888888887,39.541935,115.10911,10670.0,421.81847100000005
,21.5875,39.53688,115.10214,10730.0,399.12647400000003
,21.58861111111111,39.53239,115.0948,10760.0,390.81741300000004
,21.59,39.527336,115.08746,10790.0,410.4967680000001
,21.59111111111111,39.522564,115.08013,10850.0,400.19547600000004
,21.592222222222222,39.518074,115.07279,10880.0,390.86600400000003
,21.593333333333334,39.5133,115.06583,10910.0,388.630818
,21.594444444444445,39.50853,115.05849,10940.0,400.4870220000001
,21.595555555555553,39.503757,115.05115,10970.0,400.632795
,21.596666666666664,39.498985,115.04418,11000.0,388.922364
,21.598055555555554,39.494213,115.036476,11000.0,412.343226
,21.599166666666665,39.48944,115.0295,11000.0,389.165319
,21.60027777777778,39.48467,115.02217,11000.0,400.24406700000003
,21.60138888888889,39.479614,115.01483,11000.0,410.7397230000001
,21.602500000000003,39.474842,115.007126,11000.0,412.440408
,21.60388888888889,39.469788,114.99942,11000.0,422.20719900000006
,21.605,39.464737,114.99209,11000.0,410.3024040000001
,21.60611111111111,39.459965,114.98475,11000.0,400.729977
,21.607222222222223,39.45491,114.97741,11000.0,410.78831400000007
,21.608333333333334,39.45042,114.97008,11000.0,390.768822
,21.609444444444446,39.445366,114.96237,11000.0,422.450154
,21.610555555555557,39.440594,114.95503,11000.0,400.778568
,21.611944444444447,39.43554,114.9477,11000.0,410.4967680000001
,21.613055555555558,39.430767,114.94036,11000.0,400.87575000000004
,21.61416666666667,39.425716,114.932655,11000.0,422.25579000000005
,21.61527777777778,39.420944,114.92496,11000.0,412.343226
,21.616388888888892,39.41617,114.917984,11000.0,389.45686500000005
,21.6175,39.411396,114.91028,11000.0,412.73195400000003
,21.61888888888889,39.406345,114.90295,11000.0,410.4967680000001
,21.62,39.40129,114.89561,11000.0,410.93408700000003
,21.621111111111112,39.39624,114.88827,11000.0,410.78831400000007
,21.622222222222224,39.391186,114.88093,11000.0,410.93408700000003
,21.623333333333335,39.38613,114.8736,11000.0,410.7397230000001
,21.624444444444446,39.38136,114.86589,11000.0,412.87772700000005
,21.625555555555557,39.37631,114.858185,11000.0,422.352972
,21.626944444444444,39.371536,114.85049,11000.0,412.586181
,21.628055555555555,39.366764,114.84315,11000.0,401.021523
,21.629166666666666,39.36171,114.83544,11000.0,422.74170000000004
,21.630277777777778,39.356655,114.8281,11000.0,411.07986
,21.63138888888889,39.351883,114.820404,11000.0,412.586181
,21.63277777777778,39.34655,114.8127,11000.0,432.50849100000005
,21.633888888888887,39.341496,114.805725,11000.0,399.855339
,21.634999999999998,39.336723,114.79803,11000.0,412.634772
,21.63611111111111,39.331673,114.79069,11000.0,410.9826780000001
,21.63722222222222,39.3269,114.78298,11000.0,413.16927300000003
,21.638333333333332,39.321846,114.77565,11000.0,410.885496
,21.639444444444443,39.317074,114.76831,11000.0,401.215887
,21.640833333333333,39.3123,114.760605,11000.0,413.120682
,21.641944444444444,39.30753,114.7529,11000.0,412.974909
,21.643055555555556,39.302475,114.7452,11000.0,422.64451800000006
,21.644166666666667,39.297424,114.737495,11000.0,422.693109
,21.64527777777778,39.29237,114.730156,11000.0,411.2256330000001
,21.64638888888889,39.287315,114.722824,11000.0,411.07986
,21.647777777777776,39.281982,114.71512,11000.0,432.702855
,21.648888888888887,39.27693,114.70741,11000.0,422.936064
,21.65,39.271877,114.69971,11000.0,422.693109
,21.65111111111111,39.267105,114.69201,11000.0,413.0235
,21.65222222222222,39.262333,114.6843,11000.0,413.36363700000004
,21.653333333333332,39.25728,114.67696,11000.0,411.3714060000001
,21.654444444444444,39.252228,114.66926,11000.0,422.74170000000004
,21.65583333333333,39.247173,114.661194,11000.0,434.646495
,21.65694444444444,39.2424,114.653854,11000.0,401.50743300000005
,21.658055555555553,39.237347,114.646515,11000.0,411.3714060000001
,21.659166666666664,39.232296,114.63918,11000.0,411.2256330000001
,21.660277777777775,39.22724,114.63148,11000.0,422.936064
,21.661666666666665,39.22191,114.62377,11000.0,432.99440100000004
,21.662777777777777,39.216854,114.61643,11000.0,411.61436100000003
,21.663888888888888,39.212082,114.60837,11000.0,425.122659
,21.665,39.20731,114.60066,11000.0,413.55800100000005
,21.66611111111111,39.20226,114.59296,11000.0,422.838882
,21.66722222222222,39.196922,114.58562,11000.0,421.964244
,21.668333333333333,39.19187,114.57792,11000.0,422.936064
,21.669722222222223,39.186817,114.57021,11000.0,423.324792
,21.670833333333334,39.182045,114.56251,11000.0,413.36363700000004
,21.671944444444446,39.17699,114.554436,11000.0,435.180996
,21.673055555555557,39.171658,114.54673,11000.0,433.14017400000006
,21.674166666666668,39.166607,114.5394,11000.0,411.274224
,21.67527777777778,39.161552,114.53169,11000.0,423.470565
,21.67666666666667,39.15622,114.52435,11000.0,421.86706200000003
,21.67777777777778,39.151447,114.51629,11030.0,425.36561400000005
,21.67888888888889,39.14611,114.50858,11060.0,433.5289020000001
,21.68,39.14134,114.50088,11090.0,413.412228
,21.68111111111111,39.136005,114.49354,11130.0,422.0128350000001
,21.682222222222222,39.131233,114.48584,11160.0,413.50941
,21.683333333333334,39.12646,114.478134,11190.0,413.75236500000005
,21.684722222222224,39.12169,114.47043,11220.0,413.606592
,21.685833333333335,39.11664,114.46309,11250.0,411.71154300000006
,21.686944444444446,39.112144,114.45539,11250.0,404.42289300000004
,21.688055555555557,39.10681,114.44842,11280.0,410.885496
,21.689166666666665,39.101757,114.44108,11280.0,411.857316
,21.690555555555555,39.096706,114.43338,11310.0,423.22761
,21.691666666666666,39.091652,114.42604,11340.0,411.90590700000007
,21.692777777777778,39.087162,114.418335,11400.0,404.520075
,21.69388888888889,39.082386,114.41026,11430.0,426.24025200000005
,21.695,39.077335,114.40293,11490.0,411.56577
,21.69611111111111,39.07228,114.395226,11550.0,423.567747
,21.697222222222223,39.06751,114.38825,11550.0,390.38009400000004
,21.698611111111113,39.062737,114.38092,11580.0,401.798979
,21.699722222222224,39.058247,114.37358,11580.0,392.469507
,21.700833333333332,39.053474,114.365875,11610.0,413.99532
,21.701944444444443,39.048702,114.35854,11610.0,401.94475200000005
,21.703055555555554,39.04393,114.35157,11610.0,390.33150300000005
,21.704166666666666,39.039158,114.34423,11610.0,402.13911600000006
,21.705555555555556,39.034386,114.3369,11610.0,401.84757
,21.706666666666667,39.029892,114.329926,11610.0,380.710485
,21.70777777777778,39.02512,114.32259,11610.0,402.041934
,21.70888888888889,39.020348,114.31562,11610.0,390.42868500000003
,21.71,39.015293,114.30828,11610.0,412.19745300000005
,21.711111111111112,39.010803,114.301315,11610.0,380.3703480000001
,21.71222222222222,39.00603,114.293976,11610.0,402.23629800000003
,21.71361111111111,39.00126,114.28664,11610.0,402.090525
,21.71472222222222,38.996487,114.279305,11610.0,402.13911600000006
,21.715833333333332,38.991432,114.27233,11610.0,400.92434099999997
,21.716944444444444,38.98666,114.26499,11610.0,402.33348
,21.718055555555555,38.98217,114.25766,11610.0,392.37232500000005
,21.71944444444444,38.977398,114.249954,11610.0,414.28686600000003
,21.720555555555553,38.972626,114.242615,11610.0,402.33348
,21.721666666666664,38.967854,114.23528,11610.0,402.23629800000003
,21.722777777777775,38.9628,114.22831,11610.0,400.827159
,21.723888888888887,38.957745,114.22097,11610.0,412.39181700000006
,21.724999999999998,38.952972,114.212906,11610.0,426.288843
,21.72611111111111,38.9482,114.20557,11610.0,402.33348
,21.7275,38.943428,114.19823,11610.0,402.479253
,21.72861111111111,38.938377,114.19052,11610.0,424.10224800000003
,21.72972222222222,38.933323,114.18319,11610.0,412.148862
,21.730833333333333,38.92827,114.17548,11610.0,424.19943000000006
,21.731944444444444,38.923218,114.16851,11610.0,400.87575000000004
,21.733055555555556,38.918446,114.16081,11610.0,414.28686600000003
,21.734444444444446,38.91311,114.15311,11610.0,433.966221
,21.735555555555557,38.908337,114.1454,11610.0,414.67559400000005
,21.736666666666668,38.903286,114.13733,11610.0,435.90986100000003
,21.73777777777778,38.89823,114.13036,11610.0,401.11870500000003
,21.73888888888889,38.8929,114.12266,11610.0,433.82044800000006
,21.740000000000002,38.887566,114.11532,11610.0,422.7902910000001
,21.741111111111113,38.88251,114.10762,11610.0,424.150839
,21.7425,38.87774,114.09918,11610.0,439.16545800000006
,21.74361111111111,38.87325,114.09111,11610.0,417.688236
,21.744722222222222,38.868755,114.08304,11610.0,417.8826
,21.745833333333334,38.864826,114.074234,11610.0,427.45502700000003
,21.746944444444445,38.861458,114.06506,11610.0,427.163481
,21.748333333333335,38.858368,114.05553,11610.0,434.7922680000001
,21.749444444444446,38.856403,114.04562,11610.0,430.759215
,21.750555555555554,38.854156,114.03571,11610.0,434.7922680000001
,21.751666666666665,38.852192,114.02618,11610.0,415.258686
,21.752777777777776,38.85051,114.01627,11610.0,427.260663
,21.753888888888888,38.849106,114.00563,11610.0,454.61739600000004
,21.755,38.84686,113.99609,11610.0,419.87483100000003
,21.75638888888889,38.845177,113.98656,11610.0,411.66295199999996
,21.7575,38.84405,113.97592,11610.0,452.3822100000001
,21.75861111111111,38.842087,113.966385,11610.0,415.501641
,21.759722222222223,38.841244,113.95574,11610.0,450.778707
,21.760833333333334,38.840405,113.94547,11610.0,435.083814
,21.761944444444445,38.83984,113.935196,11610.0,433.9176300000001
,21.763333333333332,38.839,113.92493,11610.0,434.88945
,21.764444444444443,38.838436,113.91466,11610.0,433.77185700000007
,21.765555555555554,38.837032,113.90438,11610.0,439.74855
,21.766666666666666,38.83591,113.89448,11610.0,421.52692500000006
,21.767777777777777,38.83535,113.88421,11610.0,433.77185700000007
,21.76888888888889,38.834507,113.87393,11610.0,435.521133
,21.77,38.833664,113.86403,11610.0,419.63187600000003
,21.77138888888889,38.833103,113.85303,11610.0,464.48136900000003
,21.772499999999997,38.83198,113.84312,11610.0,421.964244
,21.77361111111111,38.83114,113.83285,11610.0,435.132405
,21.77472222222222,38.830296,113.822945,11610.0,419.87483100000003
,21.77583333333333,38.829456,113.8123,11610.0,450.82729800000004
,21.77722222222222,38.828053,113.80203,11610.0,439.359822
,21.778333333333332,38.82721,113.79176,11610.0,435.180996
,21.779444444444444,38.825806,113.78149,11610.0,439.40841300000005
,21.780555555555555,38.82468,113.77122,11610.0,437.02745400000003
,21.781666666666666,38.82384,113.76095,11610.0,435.180996
,21.782777777777778,38.822716,113.75067,11610.0,437.46477300000004
,21.78388888888889,38.821594,113.7404,11610.0,437.02745400000003
,21.78527777777778,38.821033,113.73013,11610.0,433.86903900000004
,21.78638888888889,38.82019,113.71986,11610.0,435.22958700000004
,21.7875,38.81963,113.70922,11610.0,449.41815900000006
,21.788611111111113,38.818787,113.69895,11610.0,435.22958700000004
,21.789722222222224,38.818504,113.68831,11610.0,448.689294
,21.790833333333335,38.818504,113.678406,11610.0,417.39669000000004
,21.792222222222225,38.818504,113.66777,11610.0,448.251975
,21.793333333333337,38.818226,113.65749,11610.0,433.5289020000001
,21.794444444444448,38.81907,113.64686,11610.0,450.292797
,21.795555555555556,38.81907,113.636955,11610.0,417.445281
,21.796666666666667,38.81907,113.627045,11610.0,417.6396450000001
,21.797777777777778,38.819347,113.616776,11610.0,433.0429920000001
,21.79888888888889,38.81963,113.60687,11610.0,417.73682700000006
,21.80027777777778,38.81963,113.59696,11610.0,417.6396450000001
,21.80138888888889,38.819347,113.587425,11610.0,402.13911600000006
,21.802500000000002,38.81963,113.57752,11610.0,417.73682700000006
,21.803611111111113,38.81963,113.567986,11610.0,401.798979
,21.804722222222225,38.81991,113.55808,11610.0,417.73682700000006
,21.80611111111111,38.82019,113.54817,11610.0,417.93119100000007
,21.807222222222222,38.81991,113.538635,11610.0,402.13911600000006
,21.808333333333334,38.820473,113.52873,11610.0,418.5628740000001
,21.809444444444445,38.82075,113.519196,11610.0,402.090525
,21.810555555555556,38.821033,113.50966,11610.0,402.187707
,21.811666666666667,38.821312,113.49975,11610.0,417.93119100000007
,21.81277777777778,38.821033,113.49058,11610.0,386.73576900000006
,21.81416666666667,38.821033,113.480675,11610.0,417.445281
,21.81527777777778,38.82075,113.471504,11610.0,386.7843600000001
,21.81638888888889,38.82075,113.46197,11610.0,401.798979
,21.8175,38.820473,113.452065,11610.0,417.688236
,21.81861111111111,38.820473,113.44252,11610.0,402.23629800000003
,21.81972222222222,38.820473,113.43298,11610.0,402.041934
,21.82111111111111,38.82019,113.42308,11610.0,417.493872
,21.822222222222223,38.81963,113.41354,11610.0,403.208118
,21.823333333333334,38.81907,113.40364,11610.0,418.319919
,21.824444444444445,38.81907,113.39373,11610.0,417.6396450000001
,21.825555555555557,38.81907,113.38383,11610.0,417.202326
,21.826666666666668,38.818787,113.373924,11610.0,417.73682700000006
,21.82777777777778,38.818504,113.36402,11610.0,417.688236
,21.829166666666666,38.817944,113.35411,11610.0,418.75723800000003
,21.830277777777777,38.817383,113.344574,11610.0,403.01375400000006
,21.83138888888889,38.81654,113.33467,11610.0,419.87483100000003
,21.8325,38.81598,113.324394,11610.0,434.160585
,21.83361111111111,38.81542,113.31486,11610.0,402.965163
,21.834999999999997,38.814857,113.30422,11610.0,449.46675000000005
,21.83611111111111,38.813732,113.294685,11610.0,406.46371500000004
,21.83722222222222,38.812893,113.28441,11610.0,435.42395100000005
,21.83833333333333,38.811207,113.274506,11610.0,427.260663
,21.839444444444442,38.809803,113.26497,11610.0,409.03903800000006
,21.840555555555554,38.80784,113.2547,11610.0,445.7252430000001
,21.841666666666665,38.805874,113.245155,11610.0,416.133324
,21.843055555555555,38.80391,113.235985,11610.0,400.87575000000004
,21.844166666666666,38.801945,113.22608,11610.0,430.8563970000001
,21.845277777777778,38.80026,113.21618,11610.0,427.163481
,21.84638888888889,38.79801,113.20664,11610.0,420.16637700000007
,21.8475,38.79577,113.197105,11610.0,419.82624000000004
,21.84861111111111,38.79324,113.18756,11610.0,425.025477
,21.85,38.791557,113.17729,11610.0,442.469646
,21.851111111111113,38.78987,113.167755,11610.0,412.24604400000004
,21.852222222222224,38.78819,113.15785,11610.0,427.4064360000001
,21.853333333333335,38.786224,113.14831,11610.0,416.036142
,21.854444444444447,38.78454,113.13877,11610.0,412.440408
,21.855555555555558,38.782574,113.12887,11610.0,430.759215
,21.85666666666667,38.780888,113.118965,11610.0,427.5036180000001
,21.858055555555556,38.779484,113.10943,11610.0,409.184811
,21.859166666666667,38.778362,113.09952,11610.0,422.25579000000005
,21.860277777777778,38.77696,113.08998,11610.0,409.37917500000003
,21.86138888888889,38.775276,113.080444,11610.0,412.294635
,21.8625,38.77303,113.07127,11610.0,405.49189500000006
,21.86388888888889,38.770504,113.06174,11610.0,424.49097600000005
,21.865000000000002,38.768536,113.05257,11610.0,401.11870500000003
,21.866111111111113,38.765728,113.04376,11610.0,401.41025099999996
,21.86722222222222,38.764046,113.03459,11610.0,397.32860700000003
,21.868333333333332,38.7618,113.02579,11610.0,390.525867
,21.869444444444444,38.759834,113.01624,11610.0,416.61923400000006
,21.870555555555555,38.756466,113.007805,11610.0,399.70956600000005
,21.871944444444445,38.752815,112.999374,11610.0,406.80385200000006
,21.873055555555556,38.74917,112.9913,11610.0,393.53850900000003
,21.874166666666667,38.745235,112.98396,11610.0,375.7542030000001
,21.87527777777778,38.740463,112.97626,11610.0,414.91854900000004
,21.87638888888889,38.736534,112.96856,11610.0,388.1934990000001
,21.8775,38.732044,112.96122,11610.0,393.5871
,21.878888888888888,38.72755,112.95388,11610.0,393.73287300000004
,21.88,38.72306,112.946915,11610.0,381.29357699999997
,21.88111111111111,38.719692,112.93848,11610.0,399.90393
,21.88222222222222,38.714638,112.93187,11610.0,390.574458
,21.883333333333333,38.709583,112.924904,11610.0,401.50743300000005
,21.884444444444444,38.70313,112.91866,11610.0,437.36759100000006
,21.885555555555555,38.698635,112.91133,11610.0,393.53850900000003
,21.886944444444445,38.693302,112.904724,11610.0,401.215887
,21.888055555555557,38.688812,112.897385,11610.0,393.68428200000005
,21.889166666666664,38.68404,112.89042,11610.0,391.30332300000003
,21.890277777777776,38.678986,112.88381,11610.0,390.67164
,21.891388888888887,38.674496,112.87648,11610.0,393.44132700000006
,21.892777777777777,38.66916,112.86914,11610.0,423.567747
,21.89388888888889,38.66523,112.861435,11610.0,388.6794090000001
,21.895,38.6613,112.85373,11610.0,388.728
,21.89611111111111,38.656807,112.8464,11610.0,393.5871
,21.897222222222222,38.6526,112.83906,11610.0,384.59776500000004
,21.898333333333333,38.648106,112.83172,11610.0,393.975828
,21.899444444444445,38.644176,112.82402,11610.0,388.58222700000005
,21.90083333333333,38.639683,112.81668,11610.0,393.975828
,21.901944444444442,38.635193,112.808975,11610.0,406.172169
,21.903055555555554,38.63098,112.80164,11610.0,384.694947
,21.904166666666665,38.62621,112.79394,11610.0,415.258686
,21.905277777777776,38.621155,112.7866,11610.0,413.50941
,21.906388888888888,38.616383,112.77963,11610.0,391.64346000000006
,21.907777777777778,38.611893,112.77193,11610.0,406.074987
,21.90888888888889,38.60684,112.76495,11610.0,402.187707
,21.91,38.60235,112.75762,11610.0,393.68428200000005
,21.91111111111111,38.597015,112.751015,11610.0,401.55602400000004
,21.91222222222222,38.59168,112.74405,11610.0,412.294635
,21.91333333333333,38.58719,112.73671,11610.0,394.07301000000007
,21.91444444444444,38.582134,112.72974,11610.0,402.041934
,21.91583333333333,38.5768,112.72277,11610.0,412.440408
,21.916944444444447,38.57259,112.71616,11610.0,360.54522000000003
,21.918055555555558,38.567257,112.709564,11610.0,401.26447800000005
,21.91916666666667,38.562767,112.70259,11610.0,382.071033
,21.92027777777778,38.55743,112.69599,11610.0,401.604615
,21.921666666666667,38.551254,112.689384,11610.0,435.521133
,21.922777777777778,38.546482,112.682785,11610.0,380.224575
,21.92388888888889,38.54143,112.67581,11610.0,402.187707
,21.925,38.536377,112.669205,11610.0,390.914595
,21.926111111111112,38.531044,112.662605,11610.0,401.50743300000005
,21.927222222222223,38.52543,112.65637,11610.0,402.284889
,21.928333333333335,38.520657,112.649765,11610.0,380.516121
,21.929722222222225,38.516445,112.642426,11610.0,385.180857
,21.930833333333336,38.5128,112.63546,11610.0,354.665709
,21.931944444444447,38.507744,112.62885,11610.0,391.25473200000005
,21.93305555555556,38.50241,112.62189,11610.0,412.343226
,21.934166666666666,38.497074,112.61565,11610.0,391.25473200000005
,21.935277777777777,38.492302,112.60941,11610.0,369.34019100000006
,21.936666666666667,38.485847,112.60391,11610.0,419.6804670000001
,21.93777777777778,38.480515,112.59767,11610.0,391.15755
,21.93888888888889,38.475178,112.591805,11610.0,380.807667
,21.94,38.470127,112.58594,11610.0,369.24300900000003
,21.941111111111113,38.464794,112.58006,11610.0,381.099213
,21.942222222222224,38.459457,112.57383,11610.0,391.108959
,21.943333333333335,38.454124,112.567955,11610.0,380.95344000000006
,21.94472222222222,38.44907,112.56172,11610.0,380.12739300000004
,21.945833333333333,38.44402,112.555855,11610.0,369.24300900000003
,21.946944444444444,38.438404,112.549614,11610.0,402.722208
,21.948055555555555,38.43363,112.54338,11610.0,369.388782
,21.949166666666667,38.4283,112.53714,11610.0,391.20614100000006
,21.950555555555553,38.422966,112.53054,11610.0,401.84757
,21.951666666666664,38.41763,112.52467,11610.0,381.05062200000003
,21.952777777777776,38.41258,112.5188,11610.0,369.485964
,21.953888888888887,38.406963,112.51293,11610.0,392.712462
,21.955,38.40191,112.5067,11610.0,380.07880200000005
,21.95611111111111,38.39686,112.50046,11610.0,380.224575
,21.95722222222222,38.391804,112.49459,11610.0,369.77751
,21.95861111111111,38.38647,112.48835,11610.0,391.449096
,21.959722222222222,38.381138,112.48212,11610.0,391.108959
,21.960833333333333,38.376083,112.47588,11610.0,380.516121
,21.961944444444445,38.37103,112.46928,11610.0,391.20614100000006
,21.963055555555556,38.36822,112.46194,11610.0,346.40523900000005
,21.964166666666667,38.36373,112.45534,11610.0,370.6035570000001
,21.965555555555554,38.357838,112.4491,11610.0,414.28686600000003
,21.966666666666665,38.3525,112.44323,11610.0,381.24498600000004
,21.967777777777776,38.347168,112.437,11610.0,391.20614100000006
,21.968888888888888,38.341835,112.43112,11610.0,381.3421680000001
,21.97,38.33678,112.42489,11610.0,380.321757
,21.97111111111111,38.33173,112.418655,11610.0,380.273166
,21.97222222222222,38.326393,112.412415,11610.0,391.74064200000004
,21.973611111111108,38.32078,112.40618,11610.0,402.722208
,21.97472222222222,38.315727,112.39994,11610.0,380.56471200000004
,21.97583333333333,38.310955,112.39407,11610.0,358.747353
,21.97694444444444,38.3059,112.38783,11610.0,380.661894
,21.978055555555553,38.300568,112.3816,11610.0,391.30332300000003
,21.979444444444443,38.294674,112.375,11610.0,424.44238500000006
,21.980555555555554,38.28906,112.369125,11610.0,392.955417
,21.981666666666666,38.283726,112.362526,11610.0,402.187707
,21.982777777777777,38.278393,112.35592,11610.0,402.33348
,21.983888888888888,38.272778,112.35005,11610.0,392.906826
,21.985,38.267723,112.343445,11610.0,391.69205100000005
,21.98611111111111,38.26239,112.33721,11610.0,391.594869
,21.9875,38.256493,112.33098,11610.0,414.43263900000005
,21.988611111111112,38.25116,112.32474,11610.0,391.74064200000004
,21.989722222222223,38.244984,112.318504,11610.0,426.33743400000003
,21.990833333333335,38.23937,112.31226,11610.0,403.208118
,21.991944444444446,38.234035,112.30603,11610.0,391.594869
,21.993055555555557,38.228703,112.29979,11610.0,391.789233
,21.994444444444447,38.223087,112.29392,11610.0,393.05259900000004
,21.995555555555555,38.218037,112.288055,11610.0,369.77751
,21.996666666666666,38.212982,112.28145,11610.0,391.88641500000006
,21.997777777777777,38.20765,112.27558,11610.0,381.3421680000001
,21.99888888888889,38.202034,112.26935,11610.0,403.01375400000006
,22.0,38.19642,112.26311,11610.0,403.208118
,22.00111111111111,38.191086,112.256874,11610.0,391.837824
,22.0025,38.185192,112.25063,11610.0,414.869958
,22.003611111111113,38.179855,112.2444,11610.0,391.789233
,22.004722222222224,38.17396,112.23853,11610.0,404.9573940000001
,22.00583333333333,38.168346,112.23266,11610.0,393.10119000000003
,22.006944444444443,38.16273,112.226425,11610.0,403.208118
,22.008333333333333,38.157116,112.220184,11610.0,403.30530000000005
,22.009444444444444,38.151505,112.21395,11610.0,403.01375400000006
,22.010555555555555,38.14589,112.20772,11610.0,403.06234500000005
,22.011666666666667,38.140274,112.20148,11610.0,403.4024820000001
,22.012777777777778,38.13466,112.19488,11610.0,413.606592
,22.01388888888889,38.128765,112.18864,11610.0,414.91854900000004
,22.015,38.12315,112.1824,11610.0,403.4024820000001
,22.01638888888889,38.117535,112.17616,11610.0,403.451073
,22.0175,38.1122,112.16993,11610.0,391.88641500000006
,22.01861111111111,38.106308,112.16406,11610.0,404.9573940000001
,22.01972222222222,38.100693,112.15599,11610.0,458.504676
,22.020833333333332,38.095078,112.14792,11610.0,458.55326700000006
,22.021944444444443,38.089184,112.141685,11610.0,414.82136700000007
,22.023333333333333,38.083286,112.13508,11610.0,425.268432
,22.024444444444445,38.077393,112.128105,11610.0,435.666906
,22.025555555555556,38.071777,112.121506,11610.0,413.80095600000004
