217,CSN3173054,B733,A,ZHCC,ZBAA,18R       
,1.2344444444444445,35.22747,113.93116,6490.0,489.019824
,1.2355555555555555,35.234768,113.92676,6580.0,440.040096
,1.2366666666666668,35.24319,113.9341,6680.0,559.185228
,1.2377777777777779,35.249084,113.94107,6680.0,443.19851100000005
,1.2391666666666667,35.256104,113.942535,6740.0,385.180857
,1.2402777777777778,35.262,113.944,6830.0,325.41392700000006
,1.2413888888888889,35.26986,113.943634,6860.0,425.4627960000001
,1.2425000000000002,35.27688,113.94804,6920.0,426.677571
,1.2436111111111112,35.284176,113.94951,6950.0,399.9525210000001
,1.2447222222222223,35.291477,113.95061,6950.0,397.91169900000006
,1.2461111111111112,35.295967,113.972984,7010.0,1017.2039940000001
,1.2472222222222222,35.30186,113.984726,7010.0,608.553684
,1.2483333333333333,35.30944,113.98289,7100.0,417.93119100000007
,1.2494444444444446,35.318424,113.97115,7160.0,710.40042
,1.2505555555555556,35.326286,113.968216,7220.0,444.5590590000001
,1.2516666666666667,35.332462,113.97408,7220.0,422.5959270000001
,1.2527777777777778,35.339478,113.97592,7250.0,388.096317
,1.2541666666666667,35.34734,113.97959,7280.0,455.05471500000004
,1.2552777777777777,35.35492,113.98289,7320.0,435.083814
,1.256388888888889,35.362217,113.985825,7380.0,415.40445900000003
,1.2575,35.369797,113.98619,7410.0,410.35099500000007
,1.2586111111111111,35.377377,113.98692,7410.0,411.274224
,1.2597222222222222,35.384396,113.99096,7440.0,419.38892100000004
,1.261111111111111,35.391975,113.99353,7470.0,425.317023
,1.2622222222222221,35.39843,114.00197,7500.0,510.30268200000006
,1.2633333333333334,35.40517,114.0082,7560.0,456.4638540000001
,1.2644444444444445,35.41275,114.01077,7590.0,425.36561400000005
,1.2655555555555555,35.420048,114.0137,7590.0,415.35586800000004
,1.2666666666666666,35.426785,114.01994,7620.0,456.56103600000006
,1.2680555555555555,35.434364,114.02287,7680.0,429.8359860000001
,1.2691666666666666,35.441944,114.02471,7710.0,417.93119100000007
,1.2702777777777776,35.449524,114.02691,7770.0,421.33256100000006
,1.271388888888889,35.45682,114.03058,7800.0,426.48320700000005
,1.2725,35.464123,114.033516,7800.0,415.647414
,1.273611111111111,35.471703,114.03571,7830.0,421.2353790000001
,1.275,35.481525,114.04085,7890.0,577.5040349999999
,1.276111111111111,35.48602,114.04562,7920.0,321.332283
,1.2772222222222223,35.492474,114.05369,7960.0,498.2035230000001
,1.2783333333333333,35.49893,114.06066,8020.0,464.91868800000003
,1.2794444444444444,35.50595,114.06506,8020.0,426.288843
,1.2808333333333333,35.512688,114.0713,8050.0,456.41526300000004
,1.2819444444444443,35.519142,114.07717,8080.0,434.35494900000003
,1.2830555555555554,35.52616,114.08121,8110.0,419.1945570000001
,1.2841666666666665,35.53318,114.08634,8170.0,441.789372
,1.2852777777777777,35.539635,114.09367,8200.0,475.4143440000001
,1.2863888888888888,35.546375,114.099915,8200.0,456.56103600000006
,1.2877777777777777,35.553112,114.105415,8260.0,437.46477300000004
,1.2888888888888888,35.55985,114.112755,8290.0,486.97900200000004
,1.2899999999999998,35.566868,114.116425,8320.0,412.53759
,1.291111111111111,35.574165,114.11972,8380.0,420.506514
,1.2922222222222222,35.580902,114.12596,8410.0,456.22089900000003
,1.2933333333333332,35.58792,114.13183,8410.0,459.136359
,1.294722222222222,35.59438,114.1388,8440.0,464.87009700000004
,1.2958333333333332,35.601116,114.14577,8500.0,476.19180000000006
,1.2969444444444442,35.607853,114.15311,8530.0,486.8332290000001
,1.2980555555555555,35.61459,114.159706,8560.0,465.74473500000005
,1.2991666666666666,35.62161,114.165215,8630.0,450.389979
,1.3002777777777779,35.628345,114.17035,8630.0,428.57262000000003
,1.301388888888889,35.635082,114.17658,8660.0,455.88076200000006
,1.3027777777777778,35.6421,114.180984,8690.0,426.14307
,1.3038888888888889,35.64912,114.18575,8720.0,433.67467500000004
,1.305,35.656136,114.19052,8750.0,433.577493
,1.3061111111111112,35.662876,114.19676,8780.0,456.22089900000003
,1.3072222222222223,35.669613,114.20263,8780.0,446.454108
,1.3083333333333333,35.676632,114.2096,8810.0,487.80504900000005
,1.3097222222222222,35.683647,114.21657,8810.0,487.6106850000001
,1.3108333333333333,35.690384,114.22391,8840.0,486.5902740000001
,1.3119444444444446,35.697403,114.22904,8870.0,441.49782600000003
,1.3130555555555556,35.704422,114.23418,8870.0,441.7407810000001
,1.3141666666666667,35.71172,114.24005,8870.0,471.47847300000006
,1.3152777777777778,35.71874,114.24702,8870.0,487.75645800000007
,1.3166666666666667,35.725758,114.251785,8870.0,433.48031100000003
,1.3177777777777777,35.733055,114.25766,8870.0,471.52706400000005
,1.3188888888888888,35.740635,114.260956,8870.0,434.7922680000001
,1.32,35.747936,114.26389,8870.0,415.40445900000003
,1.3211111111111111,35.755512,114.26793,8870.0,446.502699
,1.3222222222222222,35.76253,114.275635,8870.0,508.40763300000003
,1.323611111111111,35.76955,114.28444,8870.0,541.78965
,1.3247222222222221,35.77713,114.28957,8870.0,467.73696600000005
,1.3258333333333334,35.784428,114.29581,8870.0,480.41921700000006
,1.3269444444444445,35.79173,114.30278,8870.0,499.5154800000001
,1.3280555555555555,35.799026,114.30865,8870.0,471.23551800000007
,1.3291666666666666,35.806606,114.313416,8870.0,460.253952
,1.3302777777777777,35.813904,114.32039,8870.0,499.4182980000001
,1.3316666666666666,35.820923,114.326996,8870.0,477.60093900000004
,1.3327777777777778,35.82822,114.33543,8870.0,540.915012
,1.333888888888889,35.83552,114.34167,8870.0,480.41921700000006
,1.335,35.84282,114.3468,8870.0,454.4230320000001
,1.336111111111111,35.8504,114.35084,8870.0,446.648472
,1.337222222222222,35.85798,114.355606,8870.0,460.2053610000001
,1.338611111111111,35.864998,114.36331,8870.0,508.1160870000001
,1.3397222222222223,35.872013,114.36991,8870.0,477.16362000000004
,1.3408333333333333,35.879314,114.37725,8870.0,509.37945300000007
,1.3419444444444444,35.886612,114.38385,8870.0,489.4085520000001
,1.3430555555555554,35.89363,114.391556,8870.0,508.06749600000006
,1.3441666666666665,35.90093,114.396324,8870.0,446.74565400000006
,1.3455555555555554,35.90823,114.40146,8870.0,454.471623
,1.3466666666666667,35.91581,114.4066,8870.0,467.78555700000004
,1.3477777777777777,35.922825,114.4121,8870.0,449.46675000000005
,1.3488888888888888,35.930126,114.4176,8870.0,462.58632
,1.35,35.937424,114.42274,8870.0,454.4230320000001
,1.3511111111111112,35.94472,114.42898,8870.0,480.03048900000005
,1.3522222222222222,35.952023,114.43558,8870.0,489.4571430000001
,1.353611111111111,35.95904,114.43998,8870.0,425.65716000000003
,1.3547222222222224,35.96634,114.44695,8870.0,499.02957000000004
,1.3558333333333334,35.973637,114.45355,8870.0,489.16559700000005
,1.3569444444444445,35.980938,114.45943,8870.0,471.381291
,1.3580555555555556,35.988235,114.467125,8870.0,518.8546980000001
,1.3591666666666669,35.995533,114.47263,8870.0,462.489138
,1.3605555555555557,36.002552,114.48033,8870.0,507.63017700000006
,1.3616666666666668,36.00985,114.486206,8870.0,471.08974500000005
,1.3627777777777779,36.01743,114.490974,8870.0,460.01099700000003
,1.363888888888889,36.02445,114.49684,8870.0,458.310312
,1.365,36.031746,114.50345,8870.0,489.262779
,1.3661111111111113,36.039326,114.50895,8870.0,475.365753
,1.3675,36.046627,114.51335,8870.0,439.3112310000001
,1.3686111111111112,36.053925,114.51739,8870.0,432.50849100000005
,1.3697222222222223,36.061504,114.522156,8870.0,459.91381500000006
,1.3708333333333333,36.0688,114.52986,8870.0,518.8546980000001
,1.3719444444444444,36.07582,114.54123,8870.0,625.5605340000001
,1.3730555555555557,36.08312,114.551506,8870.0,598.1066190000001
,1.3744444444444446,36.09042,114.56068,8870.0,562.7809619999999
,1.3755555555555556,36.097717,114.56874,8870.0,529.058808
,1.3766666666666667,36.10502,114.57498,8870.0,480.03048900000005
,1.3777777777777778,36.112034,114.57865,8870.0,411.90590700000007
,1.3788888888888888,36.119614,114.581215,8870.0,425.07406800000007
,1.3800000000000001,36.129158,114.58636,8870.0,563.0725080000001
,1.3811111111111112,36.136738,114.592224,8870.0,483.48045
,1.3825,36.142914,114.60066,8870.0,497.37747600000006
,1.3836111111111111,36.15274,114.60249,8870.0,537.4650510000001
,1.3847222222222222,36.16088,114.6058,8870.0,463.4123670000001
,1.3858333333333333,36.167618,114.61277,8870.0,474.83125200000006
,1.3869444444444443,36.172672,114.62487,8870.0,594.899613
,1.3880555555555556,36.17941,114.636246,8870.0,616.0852890000001
,1.3894444444444445,36.18727,114.64321,8870.0,522.6933870000001
,1.3905555555555555,36.19457,114.64945,8870.0,479.6903520000001
,1.3916666666666666,36.20215,114.65422,8870.0,459.865224
,1.3927777777777777,36.20973,114.66045,8870.0,491.98387500000007
,1.393888888888889,36.217308,114.666695,8870.0,492.22683
,1.395,36.224606,114.672195,8870.0,462.00322800000004
,1.396388888888889,36.232185,114.679535,8870.0,520.215246
,1.3975,36.241447,114.68027,8870.0,502.042212
,1.398611111111111,36.25043,114.68173,8870.0,490.04023500000005
,1.399722222222222,36.259136,114.6854,8870.0,497.37747600000006
,1.4008333333333332,36.26559,114.69274,8870.0,473.6650680000001
,1.4019444444444444,36.27205,114.70338,8870.0,580.8568140000001
,1.4033333333333333,36.279907,114.709984,8870.0,513.363915
,1.4044444444444444,36.286926,114.71585,8870.0,457.7758110000001
,1.4055555555555554,36.293663,114.72172,8870.0,445.28792400000003
,1.4066666666666665,36.302086,114.72649,8870.0,500.82743700000003
,1.4077777777777778,36.31051,114.73236,8870.0,522.596205
,1.4088888888888889,36.317806,114.73969,8870.0,507.77594999999997
,1.41,36.325104,114.74557,8870.0,470.65242600000005
,1.4113888888888888,36.33325,114.7507,8870.0,494.073288
,1.4124999999999999,36.341106,114.755104,8870.0,466.279236
,1.413611111111111,36.348686,114.760605,8870.0,474.9284340000001
,1.4147222222222222,36.355984,114.76758,8870.0,498.15493200000003
,1.4158333333333333,36.362442,114.77638,8870.0,518.611743
,1.4169444444444446,36.3689,114.78519,8870.0,518.9032890000001
,1.4183333333333334,36.376198,114.79179,8870.0,488.33955
,1.4194444444444445,36.38434,114.796555,8870.0,486.8332290000001
,1.4205555555555556,36.39276,114.80096,8870.0,494.17047
,1.4216666666666666,36.4009,114.805725,8870.0,486.7360470000001
,1.422777777777778,36.40848,114.81087,8870.0,467.2024650000001
,1.423888888888889,36.4169,114.81527,8870.0,494.073288
,1.4252777777777779,36.425323,114.81893,8870.0,482.654403
,1.426388888888889,36.433464,114.822235,8870.0,463.26659400000005
,1.4275,36.44273,114.8237,8870.0,505.2492180000001
,1.4286111111111113,36.45059,114.825905,8870.0,435.86127000000005
,1.4297222222222223,36.45873,114.82664,8870.0,441.44923500000004
,1.4308333333333334,36.468277,114.82407,8870.0,528.3785340000001
,1.4322222222222223,36.476696,114.82517,8870.0,457.921584
,1.4333333333333333,36.48456,114.82481,8870.0,425.65716000000003
,1.4344444444444444,36.492977,114.8226,8870.0,465.30741600000005
,1.4355555555555555,36.500557,114.820404,8870.0,420.992424
,1.4366666666666668,36.50842,114.8171,8870.0,448.93224900000007
,1.4377777777777778,36.516277,114.81233,8870.0,472.88761200000005
,1.4388888888888889,36.523296,114.81123,8870.0,382.654125
,1.4402777777777778,36.53172,114.806465,8870.0,500.53589100000005
,1.4413888888888888,36.53986,114.80059,8870.0,508.9907250000001
,1.4425000000000001,36.54688,114.79619,8870.0,425.122659
,1.4436111111111112,36.554737,114.79142,8870.0,472.839021
,1.4447222222222222,36.56288,114.78702,8870.0,480.17626200000007
,1.4458333333333333,36.57074,114.78335,8870.0,454.082895
,1.4472222222222222,36.57776,114.78152,8870.0,387.950544
,1.4483333333333333,36.584778,114.77931,8870.0,391.546278
,1.4494444444444445,36.592075,114.77638,8870.0,414.72418500000003
,1.4505555555555556,36.599373,114.773445,8870.0,414.82136700000007
,1.4516666666666667,36.607513,114.769775,8870.0,468.2714670000001
,1.4527777777777777,36.614815,114.76758,8870.0,406.3179420000001
,1.4541666666666666,36.622395,114.76391,8870.0,439.89432300000004
,1.4552777777777777,36.629974,114.75951,8870.0,452.285028
,1.456388888888889,36.63727,114.7562,8870.0,419.97201300000006
,1.4575,36.64513,114.75253,8870.0,454.0343040000001
,1.458611111111111,36.652992,114.74924,8870.0,448.59211200000004
,1.4597222222222221,36.660572,114.74593,8870.0,434.45213100000007
,1.461111111111111,36.666466,114.7474,8870.0,325.1223810000001
,1.462222222222222,36.67517,114.74153,8870.0,535.278456
,1.4633333333333334,36.68247,114.73823,8870.0,420.020604
,1.4644444444444444,36.69089,114.73346,8870.0,500.24434500000007
,1.4655555555555555,36.700153,114.72649,8870.0,585.181413
,1.4666666666666668,36.707733,114.72245,8870.0,445.871016
,1.4677777777777778,36.71447,114.72062,8870.0,372.93592500000005
,1.4691666666666667,36.72205,114.717316,8870.0,434.3063580000001
,1.4702777777777778,36.72991,114.71402,8870.0,448.54352100000006
,1.471388888888889,36.738335,114.70962,8870.0,494.024697
,1.4725000000000001,36.745632,114.70668,8870.0,414.772776
,1.4736111111111112,36.752087,114.70484,8870.0,358.164261
,1.4747222222222223,36.759106,114.70301,8870.0,387.853362
,1.4761111111111112,36.766685,114.69971,8870.0,434.160585
,1.4772222222222224,36.77567,114.693474,8870.0,556.075404
,1.4783333333333335,36.78269,114.689804,8870.0,411.66295199999996
,1.4794444444444446,36.79111,114.68467,8870.0,506.85272100000003
,1.4805555555555556,36.79953,114.681,8870.0,482.411448
,1.4816666666666667,36.806267,114.6799,8870.0,367.493733
,1.4830555555555556,36.813007,114.67733,8870.0,381.196395
,1.4841666666666666,36.821426,114.67293,8870.0,493.6359690000001
,1.485277777777778,36.82929,114.66926,8870.0,454.082895
,1.486388888888889,36.837147,114.665596,8870.0,453.64557600000006
,1.4875,36.844448,114.66266,8870.0,414.869958
,1.488611111111111,36.850903,114.66082,8870.0,358.11567
,1.49,36.858482,114.65826,8870.0,424.68534000000005
,1.4911111111111113,36.866062,114.65532,8870.0,429.301485
,1.4922222222222223,36.873924,114.65128,8870.0,459.8166330000001
,1.4933333333333334,36.882343,114.646515,8870.0,499.90420800000004
,1.4944444444444445,36.890766,114.64248,8870.0,487.90223100000003
,1.4955555555555555,36.898346,114.63955,8870.0,429.15571200000005
,1.4966666666666668,36.905926,114.63588,8870.0,439.65136800000005
,1.4980555555555557,36.912945,114.63331,8870.0,395.5793310000001
,1.4991666666666668,36.91912,114.63294,8870.0,334.40326200000004
,1.5002777777777778,36.92642,114.63038,8870.0,410.1080400000001
,1.5013888888888889,36.93456,114.62487,8870.0,500.633073
,1.5025,36.9427,114.620834,8870.0,473.61647700000003
,1.503611111111111,36.95,114.617905,8870.0,414.67559400000005
,1.505,36.95842,114.61314,8870.0,499.855617
,1.5061111111111112,36.96572,114.60983,8870.0,419.97201300000006
,1.5072222222222222,36.972176,114.60947,8870.0,349.56365400000004
,1.5083333333333333,36.980038,114.605064,8870.0,465.93909900000006
,1.5094444444444444,36.987335,114.60286,8870.0,406.02639600000003
,1.5105555555555557,36.99604,114.59663,8870.0,542.372742
,1.5119444444444445,37.003338,114.594055,8870.0,410.1080400000001
,1.5130555555555556,37.010357,114.59149,8870.0,395.48214900000005
,1.5141666666666667,37.018215,114.58709,8870.0,465.59896200000003
,1.5152777777777777,37.025517,114.583786,8870.0,419.97201300000006
,1.5163888888888888,37.032814,114.58158,8870.0,406.02639600000003
,1.5174999999999998,37.040394,114.57718,8870.0,451.89630000000005
,1.5188888888888887,37.047974,114.57314,8870.0,445.5794700000001
,1.52,37.056114,114.56874,8870.0,479.54457900000006
,1.521111111111111,37.063972,114.56434,8870.0,465.55037100000004
,1.5222222222222221,37.07099,114.56141,8870.0,400.09829400000007
,1.5233333333333332,37.079414,114.55701,8870.0,493.6359690000001
,1.5244444444444445,37.08671,114.55334,8870.0,425.21984100000003
,1.5255555555555556,37.09429,114.54967,8870.0,439.505595
,1.5269444444444444,37.102432,114.54563,8870.0,473.6650680000001
,1.5280555555555555,37.110573,114.541595,8870.0,473.51929500000006
,1.5291666666666666,37.118153,114.538666,8870.0,429.0585300000001
,1.5302777777777776,37.125454,114.536095,8870.0,410.20522200000005
,1.531388888888889,37.133595,114.532425,8870.0,467.93133
,1.5325,37.141453,114.528755,8870.0,453.5483940000001
,1.5338888888888889,37.148754,114.525826,8870.0,414.627003
,1.535,37.15605,114.52252,8870.0,419.5832850000001
,1.536111111111111,37.16335,114.519585,8870.0,414.627003
,1.537222222222222,37.17093,114.515915,8870.0,439.45700400000004
,1.538333333333333,37.17879,114.51262,8870.0,448.251975
,1.5394444444444444,37.18665,114.50968,8870.0,443.63583000000006
,1.5408333333333333,37.19451,114.50491,8870.0,472.25592900000004
,1.5419444444444443,37.20209,114.50088,8870.0,445.23933300000004
,1.5430555555555554,37.21023,114.497574,8870.0,462.780684
,1.5441666666666665,37.218094,114.493904,8870.0,453.791349
,1.5452777777777778,37.225952,114.489136,8870.0,472.06156500000003
,1.5463888888888888,37.234093,114.4851,8870.0,473.422113
,1.5477777777777777,37.241394,114.48327,8870.0,402.722208
,1.5488888888888888,37.24897,114.4796,8870.0,439.21404900000005
,1.55,37.25655,114.476295,8870.0,434.01481200000006
,1.551111111111111,37.264412,114.47227,8870.0,459.23354100000006
,1.5522222222222222,37.272552,114.4686,8870.0,467.78555700000004
,1.5533333333333335,37.280415,114.46823,8870.0,425.60856900000005
,1.5547222222222223,37.288555,114.465294,8870.0,458.067357
,1.5558333333333334,37.296696,114.46309,8870.0,450.4385700000001
,1.5569444444444445,37.30512,114.46126,8870.0,462.44054700000004
,1.5580555555555555,37.313538,114.46016,8870.0,457.7758110000001
,1.5591666666666668,37.32196,114.45832,8870.0,462.39195600000005
,1.5602777777777779,37.32954,114.45722,8870.0,412.73195400000003
,1.561388888888889,37.3374,114.45576,8870.0,429.787395
,1.5627777777777778,37.345543,114.45392,8870.0,447.5231100000001
,1.5638888888888889,37.353683,114.451355,8870.0,453.88853100000006
,1.565,37.361824,114.45099,8870.0,440.623188
,1.5661111111111112,37.370247,114.44805,8870.0,472.839021
,1.5672222222222223,37.378105,114.445854,8870.0,435.42395100000005
,1.5683333333333334,37.386246,114.44438,8870.0,444.899196
,1.5697222222222222,37.394386,114.44292,8870.0,444.75342300000005
,1.5708333333333333,37.40337,114.43998,8870.0,502.0908030000001
,1.5719444444444444,37.412075,114.43705,8870.0,487.4163210000001
,1.5730555555555557,37.419933,114.43558,8870.0,429.738804
,1.5741666666666667,37.428356,114.43375,8870.0,462.34336500000006
,1.5752777777777778,37.436497,114.43191,8870.0,447.377337
,1.5766666666666667,37.444077,114.43044,8870.0,414.82136700000007
,1.5777777777777777,37.4525,114.42787,8870.0,468.805968
,1.5788888888888888,37.460075,114.425674,8870.0,420.45792300000005
,1.58,37.46906,114.42384,8870.0,492.3240120000001
,1.5811111111111111,37.47748,114.422005,8870.0,462.19759200000004
,1.5822222222222222,37.485344,114.42054,8870.0,429.981759
,1.5836111111111113,37.493202,114.42017,8870.0,425.36561400000005
,1.5847222222222224,37.501904,114.41724,8870.0,487.22195700000003
,1.5858333333333334,37.51061,114.4132,8870.0,501.799257
,1.5869444444444445,37.51819,114.41247,8870.0,411.2256330000001
,1.5880555555555558,37.527172,114.41026,8870.0,494.996517
,1.5891666666666668,37.53503,114.4088,8870.0,429.64162200000004
,1.590277777777778,37.54317,114.406235,8870.0,453.83994000000007
,1.5916666666666668,37.55075,114.40476,8870.0,414.869958
,1.5927777777777778,37.560577,114.40109,8870.0,554.374719
,1.5938888888888891,37.568436,114.40036,8870.0,426.24025200000005
,1.5950000000000002,37.576576,114.39853,8870.0,447.23156400000005
,1.5961111111111113,37.58444,114.39706,8870.0,430.03035000000006
,1.5972222222222223,37.59286,114.39486,8870.0,465.11305200000004
,1.5986111111111112,37.601562,114.393394,8870.0,474.879843
,1.5997222222222223,37.609703,114.39229,8870.0,442.90696500000007
,1.6008333333333333,37.618404,114.389725,8870.0,483.286086
,1.6019444444444446,37.62711,114.38752,8870.0,480.3220350000001
,1.6030555555555557,37.63553,114.38642,8870.0,457.87299300000006
,1.6041666666666667,37.64395,114.384224,8870.0,465.06446100000005
,1.6055555555555556,37.652374,114.38312,8870.0,458.115948
,1.6066666666666667,37.661076,114.38129,8870.0,477.16362000000004
,1.607777777777778,37.6695,114.37982,8870.0,460.01099700000003
,1.608888888888889,37.67792,114.37798,8870.0,462.19759200000004
,1.61,37.68606,114.37652,8870.0,444.70483200000007
,1.6111111111111112,37.69448,114.37468,8870.0,462.19759200000004
,1.6125,37.702904,114.37285,8870.0,462.34336500000006
,1.613611111111111,37.711044,114.37138,8870.0,444.75342300000005
,1.6147222222222224,37.719467,114.36918,8870.0,465.21023400000007
,1.6158333333333335,37.727608,114.36735,8870.0,447.280155
,1.6169444444444445,37.73603,114.36551,8870.0,462.294774
,1.6180555555555556,37.74473,114.36331,8870.0,479.93330700000007
,1.6191666666666666,37.752872,114.36184,8870.0,444.899196
,1.6205555555555555,37.761295,114.36001,8870.0,462.294774
,1.6216666666666666,37.769436,114.35818,8870.0,447.23156400000005
,1.6227777777777779,37.77898,114.35634,8870.0,522.207477
,1.623888888888889,37.78628,114.35487,8870.0,399.855339
,1.6252777777777778,37.794422,114.35341,8870.0,444.80201400000004
,1.6263888888888889,37.80284,114.35157,8870.0,462.10041
,1.6275,37.811546,114.34901,8870.0,483.48045
,1.6286111111111112,37.819965,114.3468,8870.0,465.06446100000005
,1.6297222222222223,37.82811,114.344604,8870.0,450.4385700000001
,1.6308333333333334,37.835968,114.34203,8870.0,439.01968500000004
,1.6319444444444444,37.84411,114.33983,8870.0,450.34138800000005
,1.6333333333333333,37.85225,114.3369,8870.0,457.72722
,1.6344444444444444,37.86011,114.33433,8870.0,439.116867
,1.6355555555555554,37.86825,114.331024,8870.0,462.39195600000005
,1.6366666666666667,37.87611,114.328094,8870.0,443.19851100000005
,1.6377777777777778,37.883972,114.32479,8870.0,448.057611
,1.6388888888888888,37.891834,114.32112,8870.0,453.208257
,1.6402777777777777,37.899975,114.31672,8870.0,478.71853200000004
,1.6413888888888888,37.908115,114.31268,8870.0,472.839021
,1.6425,37.915695,114.30901,8870.0,438.92250300000006
,1.6436111111111111,37.923275,114.304985,8870.0,444.510468
,1.6447222222222222,37.931416,114.30095,8870.0,472.79043
,1.6458333333333333,37.939274,114.29728,8870.0,452.96530200000007
,1.6472222222222221,37.947136,114.29324,8870.0,458.84481300000004
,1.6483333333333332,37.954994,114.290306,8870.0,443.1013290000001
,1.6494444444444445,37.962574,114.28664,8870.0,438.82532100000003
,1.6505555555555556,37.970436,114.282974,8870.0,453.111075
,1.6516666666666666,37.978577,114.279305,8870.0,467.29964700000005
,1.6527777777777777,37.986717,114.275635,8870.0,467.29964700000005
,1.6541666666666666,37.994015,114.27233,8870.0,419.14596600000004
,1.6552777777777776,38.00216,114.26866,8870.0,467.54260200000004
,1.656388888888889,38.010017,114.264626,8870.0,458.45608500000003
,1.6575,38.01788,114.260956,8870.0,453.1596660000001
,1.658611111111111,38.02602,114.25766,8870.0,462.149001
,1.659722222222222,38.0336,114.25436,8870.0,433.4317200000001
,1.6608333333333332,38.04146,114.25105,8870.0,447.91183800000005
,1.662222222222222,38.04988,114.24738,8870.0,481.53681
,1.6633333333333333,38.05802,114.24445,8870.0,457.63003800000007
,1.6644444444444444,38.066162,114.24115,8870.0,462.294774
,1.6655555555555555,38.073742,114.23858,8870.0,424.34520299999997
,1.6666666666666665,38.081882,114.236015,8870.0,453.64557600000006
,1.6677777777777776,38.090305,114.23418,8870.0,462.2461830000001
,1.6691666666666665,38.09929,114.23198,8870.0,494.94792600000005
,1.6702777777777775,38.10771,114.230515,8870.0,459.71945100000005
,1.6713888888888888,38.115852,114.228676,8870.0,447.328746
,1.6724999999999999,38.123993,114.226845,8870.0,447.182973
,1.673611111111111,38.132416,114.22574,8870.0,458.0187660000001
,1.674722222222222,38.140556,114.22391,8870.0,447.1343820000001
,1.6761111111111109,38.148975,114.22244,8870.0,459.67086
,1.6772222222222222,38.157116,114.220604,8870.0,447.23156400000005
,1.6783333333333332,38.16526,114.21914,8870.0,444.899196
,1.6794444444444443,38.1734,114.216934,8870.0,450.19561500000003
,1.6805555555555554,38.182102,114.2151,8870.0,477.11502900000005
,1.6816666666666664,38.190804,114.21327,8870.0,477.06643800000006
,1.6830555555555553,38.19951,114.21107,8870.0,480.127671
,1.6841666666666666,38.207367,114.20997,8870.0,427.552209
,1.6852777777777779,38.21607,114.20813,8870.0,477.212211
,1.686388888888889,38.224213,114.206665,8870.0,444.850605
,1.6875,38.23263,114.204834,8870.0,461.906046
,1.688611111111111,38.241337,114.20226,8870.0,483.48045
,1.6897222222222223,38.25004,114.20043,8870.0,477.11502900000005
,1.6911111111111112,38.25846,114.19896,8840.0,459.71945100000005
,1.6922222222222223,38.26632,114.19786,8840.0,427.697982
,1.6933333333333334,38.27446,114.196396,8810.0,444.6562410000001
,1.6944444444444444,38.2826,114.1953,8780.0,442.76119200000005
,1.6955555555555555,38.290745,114.19346,8750.0,447.425928
,1.6966666666666668,38.299164,114.19199,8720.0,459.67086
,1.6980555555555557,38.307026,114.19052,8720.0,429.8359860000001
,1.6991666666666667,38.31601,114.188324,8690.0,494.80215300000003
,1.7002777777777778,38.32443,114.18649,8660.0,462.051819
,1.7013888888888888,38.33285,114.18429,8630.0,464.91868800000003
,1.7025,38.341835,114.18282,8630.0,489.991644
,1.703611111111111,38.350258,114.180984,8600.0,462.19759200000004
,1.7049999999999998,38.35896,114.179886,8560.0,472.9847940000001
,1.7061111111111111,38.36654,114.17879,8560.0,412.634772
,1.7072222222222222,38.37496,114.179886,8560.0,457.8244020000001
,1.7083333333333333,38.383102,114.18062,8500.0,441.49782600000003
,1.7094444444444443,38.391243,114.183556,8500.0,457.63003800000007
,1.7105555555555556,38.3991,114.187225,8470.0,452.57657400000005
,1.7119444444444445,38.406963,114.19236,8470.0,477.795303
,1.7130555555555556,38.414543,114.19566,8440.0,433.188765
,1.7141666666666666,38.422966,114.200066,8410.0,492.3726030000001
,1.7152777777777777,38.431107,114.204834,8410.0,484.50086100000004
,1.7163888888888887,38.438965,114.20887,8380.0,458.16453900000005
,1.7175,38.447388,114.212906,8350.0,486.63886500000007
,1.7186111111111113,38.45553,114.21731,8320.0,478.28121300000004
,1.7200000000000002,38.46367,114.22097,8320.0,466.81373700000006
,1.7211111111111113,38.47125,114.22537,8290.0,450.389979
,1.7222222222222223,38.478546,114.230515,8260.0,450.778707
,1.7233333333333334,38.486126,114.23454,8260.0,444.024558
,1.7244444444444447,38.49455,114.23858,8230.0,486.68745600000005
,1.7255555555555557,38.50297,114.24188,8200.0,476.38616400000006
,1.7269444444444446,38.51055,114.245186,8200.0,433.237356
,1.7280555555555557,38.51785,114.249954,8170.0,443.441466
,1.7291666666666667,38.52599,114.253624,8140.0,466.91091900000004
,1.7302777777777778,38.53357,114.258026,8140.0,450.34138800000005
,1.731388888888889,38.542274,114.26133,8110.0,491.10923699999995
,1.7325000000000002,38.550415,114.26499,8080.0,466.765146
,1.733888888888889,38.557995,114.26903,8080.0,444.218922
,1.735,38.565292,114.27306,8050.0,429.9331680000001
,1.7361111111111112,38.573433,114.27673,8020.0,466.91091900000004
,1.7372222222222222,38.580452,114.2815,7990.0,429.9331680000001
,1.7383333333333333,38.58831,114.28517,7990.0,452.4793920000001
,1.7394444444444446,38.597015,114.288475,7920.0,491.157828
,1.7408333333333335,38.604595,114.29178,7920.0,433.14017400000006
,1.7419444444444445,38.612736,114.295074,7890.0,461.8574550000001
,1.7430555555555556,38.620033,114.29948,7860.0,436.444362
,1.7441666666666666,38.62733,114.30315,7860.0,424.10224800000003
,1.745277777777778,38.635754,114.306816,7830.0,481.29385500000006
,1.746388888888889,38.64305,114.310486,7800.0,424.00506600000006
,1.7475,38.650352,114.31379,7800.0,418.90301100000005
,1.748888888888889,38.657932,114.31782,7770.0,443.92737600000004
,1.75,38.66523,114.32185,7740.0,429.88457700000004
,1.751111111111111,38.672527,114.32662,7740.0,443.14992000000007
,1.7522222222222221,38.679546,114.3314,7710.0,429.981759
,1.7533333333333334,38.68741,114.33543,7680.0,458.16453900000005
,1.7544444444444445,38.694706,114.34057,7680.0,450.389979
,1.7558333333333334,38.702003,114.3457,7650.0,450.19561500000003
,1.7569444444444444,38.708744,114.351204,7620.0,432.3627180000001
,1.7580555555555555,38.71604,114.356705,7620.0,457.87299300000006
,1.7591666666666668,38.72334,114.36184,7590.0,450.4385700000001
,1.7602777777777778,38.73036,114.366615,7560.0,429.88457700000004
,1.761388888888889,38.737656,114.37175,7560.0,450.19561500000003
,1.7627777777777778,38.744675,114.37725,7500.0,444.94778700000006
,1.7638888888888888,38.751694,114.382385,7500.0,437.124636
,1.765,38.75899,114.38679,7500.0,436.2014070000001
,1.7661111111111112,38.76601,114.39192,7500.0,437.02745400000003
,1.7672222222222222,38.773308,114.39669,7500.0,443.05273800000003
,1.7683333333333333,38.780327,114.40183,7500.0,437.17322700000005
,1.7697222222222222,38.78763,114.40697,7500.0,450.58434300000005
,1.7708333333333333,38.794365,114.411736,7500.0,416.036142
,1.7719444444444443,38.801945,114.416504,7500.0,456.60962700000005
,1.7730555555555556,38.80868,114.42164,7500.0,423.762111
,1.7741666666666667,38.81626,114.42677,7500.0,463.50954900000005
,1.7752777777777777,38.822998,114.43191,7500.0,424.00506600000006
,1.7763888888888888,38.829735,114.43705,7500.0,423.907884
,1.7777777777777777,38.837032,114.442184,7500.0,450.098433
,1.7788888888888887,38.844334,114.44695,7500.0,443.1013290000001
,1.78,38.85163,114.45209,7500.0,450.14702400000004
,1.781111111111111,38.858368,114.45722,7500.0,423.71352
,1.7822222222222222,38.86567,114.46199,7500.0,443.14992000000007
,1.7833333333333332,38.872406,114.467125,7500.0,423.71352
,1.784722222222222,38.879425,114.47189,7500.0,429.4472580000001
,1.7858333333333332,38.886723,114.47667,7500.0,443.1013290000001
,1.7869444444444442,38.89402,114.48144,7500.0,442.858374
,1.7880555555555555,38.90104,114.48657,7500.0,436.83309
,1.7891666666666666,38.90806,114.49134,7500.0,429.54444000000007
,1.7902777777777776,38.915356,114.49611,7500.0,442.76119200000005
,1.7916666666666665,38.922375,114.50124,7500.0,436.73590800000005
,1.7927777777777776,38.929394,114.50601,7500.0,429.4472580000001
,1.7938888888888889,38.93669,114.510414,7500.0,436.007043
,1.795,38.94371,114.515915,7500.0,444.70483200000007
,1.796111111111111,38.95073,114.52069,7500.0,429.593031
,1.797222222222222,38.958027,114.525826,7500.0,449.9526600000001
,1.798611111111111,38.965046,114.530594,7500.0,429.39866700000005
,1.799722222222222,38.9715,114.536095,7500.0,418.8058290000001
,1.8008333333333333,38.97852,114.54086,7500.0,429.35007600000006
,1.8019444444444446,38.985817,114.545265,7500.0,436.007043
,1.8030555555555556,38.993397,114.55003,7500.0,456.31808100000006
,1.8041666666666667,39.000134,114.5548,7500.0,415.93896
,1.8052777777777778,39.007435,114.55957,7500.0,442.90696500000007
,1.8066666666666666,39.014454,114.56434,7500.0,429.35007600000006
,1.807777777777778,39.02175,114.569115,7500.0,442.76119200000005
,1.808888888888889,39.02877,114.57425,7500.0,436.73590800000005
,1.81,39.035786,114.57865,7500.0,422.158608
,1.8111111111111111,39.042805,114.58342,7500.0,429.301485
,1.8122222222222222,39.049824,114.588554,7500.0,436.638726
,1.813611111111111,39.056843,114.59332,7500.0,429.20430300000004
,1.8147222222222223,39.06414,114.59809,7500.0,442.6154190000001
,1.8158333333333334,39.071438,114.60286,7500.0,442.66401
,1.8169444444444445,39.078457,114.60763,7500.0,429.252894
,1.8180555555555555,39.08576,114.6124,7500.0,442.90696500000007
,1.8191666666666666,39.092495,114.61754,7500.0,423.42197400000003
,1.8205555555555555,39.09951,114.62231,7500.0,429.0585300000001
,1.8216666666666665,39.10625,114.62744,7500.0,423.42197400000003
,1.8227777777777778,39.11355,114.63184,7500.0,435.90986100000003
,1.823888888888889,39.120846,114.636246,7500.0,435.81267900000006
,1.825,39.127865,114.641014,7500.0,429.15571200000005
,1.826111111111111,39.135162,114.64615,7500.0,449.70970500000004
,1.8275,39.14218,114.65055,7500.0,422.1100170000001
,1.8286111111111112,39.1492,114.65532,7500.0,429.20430300000004
,1.8297222222222222,39.15622,114.66045,7500.0,436.444362
,1.8308333333333333,39.162956,114.665596,7500.0,423.470565
,1.8319444444444444,39.170536,114.67,7500.0,449.70970500000004
,1.8330555555555554,39.177273,114.67513,7500.0,423.1790190000001
,1.8341666666666667,39.18429,114.6799,7500.0,429.00993900000003
,1.8355555555555556,39.19103,114.68467,7500.0,415.84177800000003
,1.836666666666667,39.198326,114.68907,7500.0,435.61831500000005
,1.837777777777778,39.205627,114.69457,7500.0,457.28990100000004
,1.838888888888889,39.212364,114.698975,7500.0,408.504537
,1.84,39.2191,114.70411,7500.0,423.1790190000001
,1.8411111111111114,39.22612,114.70924,7500.0,436.34718000000004
,1.8425000000000002,39.233418,114.713646,7500.0,435.81267900000006
,1.8436111111111113,39.240715,114.71879,7500.0,449.70970500000004
,1.8447222222222224,39.247734,114.72356,7500.0,429.0585300000001
,1.8458333333333334,39.254753,114.72796,7500.0,422.0128350000001
,1.8469444444444445,39.261772,114.73309,7500.0,436.249998
,1.8480555555555558,39.26879,114.73786,7500.0,428.96134800000004
,1.8494444444444447,39.275806,114.743,7500.0,436.29858900000005
,1.8505555555555557,39.282825,114.747765,7500.0,428.91275700000006
,1.8516666666666668,39.289562,114.7529,7500.0,423.081837
,1.8527777777777779,39.29658,114.75767,7500.0,428.91275700000006
,1.853888888888889,39.30388,114.76207,7500.0,435.7154970000001
,1.856388888888889,39.318478,114.771614,7500.0,884.890701
,1.8575000000000002,39.325214,114.77638,7500.0,415.35586800000004
,1.8586111111111112,39.332233,114.78115,7500.0,428.91275700000006
,1.8597222222222223,39.339252,114.786285,7500.0,436.249998
,1.8608333333333333,39.346832,114.79105,7500.0,455.88076200000006
,1.8619444444444446,39.353848,114.79619,7500.0,436.152816
,1.8630555555555557,39.360867,114.80096,7500.0,428.91275700000006
,1.8644444444444446,39.367886,114.805725,7500.0,428.76698400000004
,1.8655555555555556,39.374905,114.81013,7500.0,422.0128350000001
,1.8666666666666667,39.38192,114.81527,7500.0,436.10422500000004
,1.8677777777777778,39.38922,114.81967,7500.0,435.61831500000005
,1.8688888888888888,39.39624,114.82444,7500.0,428.91275700000006
,1.87,39.403538,114.829575,7500.0,449.320977
,1.871388888888889,39.410275,114.83471,7500.0,422.936064
,1.8725,39.417854,114.83948,7500.0,455.8321710000001
,1.8736111111111111,39.42459,114.84461,7500.0,422.74170000000004
,1.8747222222222222,39.43161,114.84938,7500.0,428.86416600000007
,1.8758333333333335,39.43807,114.85415,7500.0,402.23629800000003
,1.8769444444444445,39.445084,114.85892,7500.0,428.52402900000004
,1.8783333333333334,39.452385,114.86369,7500.0,442.32387300000005
,1.8794444444444445,39.45912,114.86846,7500.0,415.2100950000001
,1.8805555555555555,39.46642,114.87323,7500.0,442.27528200000006
,1.8816666666666666,39.47372,114.878,7500.0,442.27528200000006
,1.8827777777777779,39.481018,114.88313,7500.0,449.126613
,1.883888888888889,39.488598,114.8879,7500.0,455.8321710000001
,1.8852777777777778,39.495617,114.89267,7500.0,428.718393
,1.886388888888889,39.502914,114.89744,7500.0,442.08091800000005
,1.8875,39.510212,114.90221,7500.0,442.1295090000001
,1.888611111111111,39.517513,114.906975,7500.0,442.17810000000003
,1.8897222222222223,39.52425,114.91248,7500.0,430.759215
,1.8908333333333334,39.530987,114.91725,7500.0,415.2100950000001
,1.8919444444444444,39.538284,114.92202,7500.0,442.032327
,1.8933333333333333,39.545303,114.92679,7500.0,428.621211
,1.8944444444444444,39.5526,114.93156,7500.0,442.032327
,1.8955555555555554,39.55962,114.93669,7500.0,435.86127000000005
,1.8966666666666667,39.56692,114.94146,7500.0,442.1295090000001
,1.8977777777777778,39.573658,114.946594,7440.0,422.693109
,1.8988888888888888,39.580673,114.95137,7440.0,428.52402900000004
,1.9002777777777777,39.587692,114.956505,7410.0,435.86127000000005
,1.9013888888888888,39.594994,114.96164,7380.0,449.223795
,1.9024999999999999,39.60201,114.96604,7350.0,421.478334
,1.903611111111111,39.60931,114.97081,7350.0,442.08091800000005
,1.9047222222222222,39.616325,114.97558,7320.0,428.3782560000001
,1.9058333333333333,39.623344,114.97998,7280.0,421.6241070000001
,1.9072222222222222,39.630363,114.98475,7280.0,428.52402900000004
,1.9083333333333332,39.637383,114.98952,7250.0,428.57262000000003
,1.9094444444444443,39.644398,114.99392,7220.0,421.38115200000004
,1.9105555555555556,39.651417,114.99869,7220.0,428.52402900000004
,1.9116666666666666,39.658154,115.003456,7190.0,414.96714000000003
,1.9127777777777777,39.665455,115.00786,7160.0,435.42395100000005
,1.9141666666666666,39.67191,115.01226,7130.0,394.31596500000006
,1.9152777777777776,39.67893,115.01703,7130.0,428.52402900000004
,1.9163888888888887,39.685665,115.021805,7100.0,415.015731
,1.9174999999999998,39.69184,115.02657,7070.0,388.485045
,1.918611111111111,39.69886,115.030975,7070.0,421.672698
,1.919722222222222,39.705036,115.03574,7040.0,388.485045
,1.9208333333333332,39.711773,115.04051,7010.0,414.96714000000003
,1.922222222222222,39.718792,115.04528,6980.0,428.42684700000007
,1.9233333333333331,39.72553,115.05005,6980.0,415.015731
,1.9244444444444444,39.732265,115.05482,6950.0,414.82136700000007
,1.9255555555555555,39.738724,115.05885,6950.0,387.51322500000003
,1.9266666666666665,39.74602,115.063255,6920.0,435.083814
,1.9277777777777776,39.752758,115.06766,6890.0,407.92144500000006
,1.9291666666666665,39.758934,115.07206,6890.0,380.904849
,1.9302777777777775,39.765675,115.07646,6860.0,407.97003600000005
,1.9313888888888888,39.77185,115.080864,6830.0,380.904849
,1.9324999999999999,39.778866,115.085266,6830.0,421.33256100000006
,1.9336111111111112,39.785603,115.090034,6800.0,414.82136700000007
,1.9347222222222222,39.792343,115.09444,6770.0,407.97003600000005
,1.9361111111111111,39.798798,115.099205,6770.0,401.41025099999996
,1.9372222222222222,39.805534,115.10361,6740.0,407.77567200000004
,1.9383333333333332,39.81171,115.10801,6710.0,380.807667
,1.9394444444444445,39.81845,115.11241,6710.0,407.82426300000003
,1.9405555555555556,39.825188,115.11718,6680.0,414.869958
,1.9416666666666667,39.831364,115.12158,6640.0,380.807667
,1.9430555555555555,39.8381,115.125984,6610.0,407.67849000000007
,1.9441666666666666,39.844837,115.13039,6610.0,407.77567200000004
,1.9452777777777779,39.851574,115.13552,6580.0,422.1100170000001
,1.946388888888889,39.858593,115.14029,6550.0,428.232483
,1.9475,39.86477,115.145065,6550.0,388.533636
,1.948611111111111,39.871506,115.14947,6520.0,407.67849000000007
,1.9497222222222221,39.877964,115.15387,6490.0,394.17019200000004
,1.951111111111111,39.8847,115.15827,6490.0,407.58130800000004
,1.952222222222222,39.891155,115.16304,6460.0,401.36166000000003
,1.9533333333333334,39.898174,115.16744,6430.0,421.28397
,1.9544444444444444,39.90491,115.17221,6430.0,414.67559400000005
,1.9555555555555555,39.91137,115.17698,6400.0,401.604615
,1.9566666666666666,39.918106,115.18175,6370.0,414.627003
,1.9580555555555554,39.924843,115.18615,6370.0,407.58130800000004
,1.9591666666666667,39.93158,115.19092,6340.0,414.67559400000005
,1.9602777777777778,39.938038,115.19532,6310.0,394.12160100000006
,1.9613888888888888,39.944775,115.199356,6310.0,401.021523
,1.9625,39.951233,115.204124,6280.0,401.41025099999996
,1.963611111111111,39.957127,115.20853,6250.0,367.44514200000003
,1.9649999999999999,39.964146,115.21293,6220.0,421.2353790000001
,1.9661111111111111,39.970882,115.21733,6190.0,407.48412600000006
,1.9672222222222224,39.97734,115.22173,6190.0,394.07301000000007
,1.9683333333333335,39.984077,115.226135,6160.0,407.58130800000004
,1.9694444444444446,39.990532,115.23054,6130.0,394.024419
,1.9705555555555556,39.997272,115.235306,6100.0,414.627003
,1.9719444444444445,40.00401,115.240074,6100.0,414.578412
,1.9730555555555558,40.010464,115.24411,6070.0,387.075906
,1.9741666666666668,40.016922,115.24851,6040.0,394.024419
,1.975277777777778,40.02366,115.25255,6000.0,401.07011400000005
,1.976388888888889,40.030117,115.25732,5970.0,401.26447800000005
,1.9775,40.03657,115.26172,5970.0,393.73287300000004
,1.9786111111111113,40.042747,115.26612,5940.0,380.56471200000004
,1.9800000000000002,40.049206,115.27052,5910.0,394.024419
,1.9811111111111113,40.05538,115.274925,5880.0,380.516121
,1.9822222222222223,40.06212,115.27896,5850.0,401.021523
,1.9833333333333334,40.068012,115.283,5850.0,359.913537
,1.9847222222222223,40.075592,115.288864,5820.0,476.4833460000001
,1.9858333333333333,40.08093,115.29217,5790.0,319.53441599999996
,1.9869444444444444,40.087666,115.2962,5730.0,400.729977
,1.9880555555555557,40.09384,115.300606,5730.0,380.46753000000007
,1.9891666666666667,40.100296,115.30464,5700.0,387.075906
,1.9902777777777778,40.106194,115.30868,5670.0,360.156492
,1.9916666666666667,40.112648,115.31308,5640.0,393.73287300000004
,1.9927777777777778,40.119106,115.31748,5610.0,393.878646
,1.993888888888889,40.12556,115.32225,5610.0,401.021523
,1.995,40.13146,115.32629,5580.0,360.25367400000005
,1.9961111111111112,40.137634,115.33032,5550.0,373.22747100000004
,1.9972222222222222,40.14381,115.334724,5520.0,380.46753000000007
,1.9983333333333333,40.150265,115.33913,5520.0,393.8300550000001
,1.9997222222222222,40.156162,115.34316,5490.0,359.8649460000001
,2.0008333333333335,40.16234,115.347565,5460.0,380.56471200000004
,2.0019444444444443,40.169075,115.3516,5430.0,400.68138600000003
,2.0030555555555556,40.175533,115.356,5390.0,393.8300550000001
,2.004166666666667,40.181145,115.36003,5390.0,346.25946600000003
,2.0052777777777777,40.18732,115.36407,5360.0,373.42183500000004
,2.006666666666667,40.19378,115.36847,5330.0,393.878646
,2.0077777777777777,40.200237,115.372505,5300.0,387.02731500000004
,2.008888888888889,40.206974,115.37691,5270.0,407.33835300000004
,2.01,40.21315,115.38094,5240.0,373.22747100000004
,2.011111111111111,40.219044,115.385345,5210.0,367.056414
,2.0122222222222224,40.22522,115.38975,5180.0,380.418939
,2.013611111111111,40.231113,115.39378,5150.0,359.57340000000005
,2.0147222222222223,40.23757,115.39782,5150.0,387.075906
,2.015833333333333,40.243748,115.40222,5120.0,380.3703480000001
,2.0169444444444444,40.249924,115.406624,5090.0,380.321757
,2.0180555555555557,40.25666,115.411026,5060.0,407.14398900000003
,2.0191666666666666,40.262558,115.41506,5060.0,359.8649460000001
,2.0205555555555557,40.268734,115.4191,5030.0,373.373244
,2.0216666666666665,40.274628,115.4235,5000.0,366.91064100000006
,2.022777777777778,40.281086,115.427536,4970.0,386.97872400000006
,2.0238888888888886,40.28698,115.43194,4940.0,366.959232
,2.025,40.293156,115.43634,4940.0,380.224575
,2.026111111111111,40.29933,115.44038,4910.0,373.22747100000004
,2.027222222222222,40.30579,115.44441,4880.0,386.97872400000006
,2.028611111111111,40.311684,115.448074,4850.0,352.819251
,2.029722222222222,40.31786,115.45211,4820.0,373.22747100000004
,2.0308333333333333,40.324036,115.45615,4820.0,373.32465300000007
,2.0319444444444446,40.32993,115.460915,4750.0,374.49083700000006
,2.0330555555555554,40.335827,115.46495,4720.0,359.767764
,2.0341666666666667,40.342003,115.46899,4690.0,373.276062
,2.0355555555555553,40.347897,115.47339,4690.0,366.813459
,2.0366666666666666,40.35379,115.47816,4660.0,374.53942800000004
,2.0377777777777775,40.359127,115.483665,4630.0,367.20218700000004
,2.0388888888888888,40.36446,115.48953,4600.0,376.385886
,2.04,40.369232,115.495766,4570.0,364.238136
,2.041111111111111,40.373444,115.50274,4570.0,366.76486800000004
,2.0425,40.376812,115.51081,4540.0,379.155573
,2.043611111111111,40.38074,115.51814,4510.0,369.2916
,2.044722222222222,40.38383,115.526215,4480.0,372.35283300000003
,2.0458333333333334,40.386074,115.53502,4480.0,382.55694300000005
,2.0469444444444442,40.38832,115.54346,4450.0,368.31978000000004
,2.0480555555555555,40.389725,115.55263,4420.0,385.37522100000007
,2.049444444444444,40.39113,115.562164,4390.0,400.049703
,2.0505555555555555,40.392532,115.57097,4360.0,370.6035570000001
,2.0516666666666663,40.39225,115.58051,4360.0,393.29555400000004
,2.0527777777777776,40.39197,115.59005,4330.0,393.29555400000004
,2.053888888888889,40.39169,115.59922,4300.0,378.086571
,2.0549999999999997,40.38888,115.60766,4270.0,379.49571000000003
,2.056111111111111,40.38776,115.61683,4240.0,382.60553400000003
,2.0574999999999997,40.3872,115.626,4210.0,379.00980000000004
,2.058611111111111,40.38664,115.6348,4180.0,363.8494080000001
,2.0597222222222222,40.385796,115.643974,4180.0,380.710485
,2.060833333333333,40.384953,115.653145,4150.0,380.61330300000003
,2.0619444444444444,40.38411,115.66195,4110.0,365.64727500000004
,2.063055555555555,40.383266,115.67075,4080.0,365.45291100000003
,2.0644444444444443,40.382706,115.67919,4080.0,349.07774400000005
,2.0655555555555556,40.382427,115.687996,4050.0,363.16913400000004
,2.066666666666667,40.381866,115.69717,4020.0,379.20416400000005
,2.067777777777778,40.381023,115.70597,3990.0,365.45291100000003
,2.068888888888889,40.38074,115.71514,3960.0,378.13516200000004
,2.0700000000000003,40.38074,115.723946,3960.0,362.828997
,2.071388888888889,40.38018,115.73275,3930.0,364.043772
,2.0725000000000002,40.379898,115.74192,3900.0,378.13516200000004
,2.0736111111111115,40.37906,115.75109,3870.0,380.56471200000004
,2.0747222222222224,40.378777,115.759895,3870.0,363.120543
,2.0758333333333336,40.378494,115.76833,3840.0,347.91156
,2.0769444444444445,40.378216,115.777504,3780.0,378.32952600000004
,2.0780555555555558,40.377655,115.78631,3750.0,364.14095399999997
,2.079444444444445,40.377373,115.79511,3750.0,362.92617900000005
,2.0805555555555557,40.376812,115.80392,3720.0,364.28672700000004
,2.081666666666667,40.37597,115.81199,3690.0,335.66662800000006
,2.082777777777778,40.37569,115.82043,3660.0,348.105924
,2.083888888888889,40.375126,115.82923,3630.0,363.897999
,2.085,40.374565,115.83767,3600.0,349.12633500000004
,2.086388888888889,40.374287,115.84647,3600.0,362.92617900000005
,2.0875000000000004,40.374004,115.85418,3510.0,318.076686
,2.088611111111111,40.373444,115.86262,3480.0,349.12633500000004
,2.0897222222222225,40.37316,115.871056,3450.0,347.96015100000005
,2.0908333333333333,40.372883,115.87949,3450.0,347.862969
,2.0919444444444446,40.37232,115.88793,3410.0,349.12633500000004
,2.0933333333333333,40.371758,115.89636,3380.0,348.737607
,2.0944444444444446,40.37148,115.9048,3350.0,348.15451500000006
,2.095555555555556,40.370636,115.91287,3320.0,335.66662800000006
,2.0966666666666667,40.370354,115.92168,3290.0,363.36349800000005
,2.097777777777778,40.370075,115.92975,3290.0,332.896941
,2.0988888888888892,40.369793,115.93819,3230.0,348.15451500000006
,2.100277777777778,40.369514,115.94626,3230.0,332.896941
,2.101388888888889,40.369232,115.95433,3200.0,332.94553200000007
,2.1025,40.36895,115.962395,3200.0,332.702577
,2.1036111111111113,40.36867,115.97047,3170.0,333.139896
,2.104722222222222,40.36811,115.97817,3140.0,318.75696
,2.1058333333333334,40.36783,115.98588,3110.0,318.125277
,2.107222222222222,40.367546,115.99358,3080.0,317.6879580000001
,2.1083333333333334,40.367268,116.00128,3050.0,317.6879580000001
,2.1094444444444447,40.366985,116.00935,3020.0,332.94553200000007
,2.1105555555555555,40.366425,116.01706,2990.0,319.19427900000005
,2.111666666666667,40.366142,116.02513,2960.0,332.94553200000007
,2.112777777777778,40.36558,116.03283,2930.0,318.80555100000004
,2.113888888888889,40.365303,116.040535,2900.0,317.882322
,2.115277777777778,40.36502,116.04824,2870.0,317.93091300000003
,2.116388888888889,40.36474,116.05631,2840.0,332.94553200000007
,2.1175,40.36446,116.06402,2810.0,318.125277
,2.118611111111111,40.36334,116.070984,2770.0,293.34386700000005
,2.1197222222222223,40.362774,116.07796,2740.0,289.165041
,2.1208333333333336,40.362495,116.085655,2710.0,317.493594
,2.1222222222222222,40.362495,116.092995,2650.0,302.52756600000004
,2.1233333333333335,40.362213,116.1007,2620.0,317.93091300000003
,2.1244444444444444,40.361935,116.108406,2590.0,317.979504
,2.1255555555555556,40.36081,116.115005,2560.0,278.717976
,2.1266666666666665,40.36053,116.12198,2530.0,287.901675
,2.1277777777777778,40.359966,116.12931,2500.0,303.64515900000004
,2.129166666666667,40.359127,116.13665,2440.0,305.9289360000001
,2.1302777777777777,40.358566,116.144356,2410.0,319.048506
,2.131388888888889,40.36025,116.152794,2380.0,359.524809
,2.1325,40.36109,116.160866,2350.0,335.812401
,2.133611111111111,40.36081,116.168564,2290.0,317.639367
,2.1347222222222224,40.36053,116.17627,2260.0,317.979504
,2.136111111111111,40.36025,116.183975,2230.0,317.93091300000003
,2.1372222222222224,40.359966,116.19168,2200.0,317.93091300000003
,2.138333333333333,40.359688,116.19938,2170.0,317.736549
,2.1394444444444445,40.359406,116.207085,2130.0,317.93091300000003
,2.1405555555555553,40.359406,116.21479,2100.0,317.590776
,2.1416666666666666,40.359406,116.222496,2100.0,317.639367
,2.142777777777778,40.359127,116.230194,2070.0,317.639367
,2.1441666666666666,40.359127,116.23753,2040.0,302.381793
,2.145277777777778,40.358845,116.24451,2010.0,288.096039
,2.1463888888888887,40.358845,116.252205,1980.0,317.153457
,2.1475,40.358566,116.259544,1950.0,302.867703
,2.1486111111111112,40.358566,116.266884,1920.0,302.52756600000004
,2.149722222222222,40.358284,116.27385,1920.0,287.512947
,2.151111111111111,40.358845,116.28265,1890.0,363.995181
,2.152222222222222,40.358845,116.290726,1860.0,332.896941
,2.1533333333333333,40.358845,116.2977,1830.0,287.46435600000007
,2.154444444444444,40.358284,116.3043,1830.0,273.71310300000005
,2.1555555555555554,40.358284,116.31127,1800.0,287.269992
,2.1566666666666667,40.358284,116.31824,1800.0,287.269992
,2.1580555555555554,40.358284,116.32521,1800.0,287.269992
,2.1591666666666667,40.358284,116.33071,1770.0,226.67701500000004
,2.1602777777777775,40.358,116.337685,1770.0,287.901675
,2.161388888888889,40.357162,116.34502,1770.0,305.734572
,2.1625,40.356598,116.35126,1770.0,258.99003000000005
,2.163611111111111,40.35744,116.35933,1740.0,335.76381000000003
,2.165,40.35744,116.36666,1740.0,302.138838
,2.166111111111111,40.35744,116.37106,1740.0,181.34161200000003
,2.167222222222222,40.35744,116.37694,1710.0,242.37190800000002
,2.168333333333333,40.357162,116.38317,1710.0,257.24075400000004
,2.1694444444444443,40.357162,116.38978,1710.0,272.449737
,2.1705555555555556,40.357162,116.395645,1680.0,241.740225
,2.1716666666666664,40.357162,116.40188,1650.0,256.99779900000004
,2.1730555555555555,40.35688,116.40812,1620.0,257.67807300000004
,2.1741666666666664,40.356598,116.41435,1620.0,257.24075400000004
,2.1752777777777776,40.356598,116.42023,1590.0,242.37190800000002
,2.176388888888889,40.356598,116.426094,1590.0,241.69163400000002
,2.1774999999999998,40.35632,116.43196,1590.0,242.27472600000002
,2.178611111111111,40.356037,116.437836,1560.0,242.71204500000002
,2.1799999999999997,40.356037,116.44334,1560.0,226.87137900000002
,2.181111111111111,40.356037,116.44884,1560.0,226.72560600000003
,2.1822222222222223,40.356037,116.45434,1520.0,226.72560600000003
,2.183333333333333,40.356037,116.45985,1520.0,227.114334
,2.1844444444444444,40.35576,116.46535,1520.0,227.21151600000005
,2.1855555555555553,40.354916,116.47048,1490.0,216.32713200000003
,2.1869444444444444,40.35379,116.47562,1460.0,220.457367
,2.188055555555555,40.351826,116.48002,1460.0,210.204666
,2.1891666666666665,40.349583,116.484055,1430.0,205.88006700000005
,2.1902777777777778,40.346493,116.48736,1400.0,215.646858
,2.1913888888888886,40.343124,116.48992,1400.0,210.59339400000002
,2.1925,40.34004,116.49286,1370.0,206.220204
,2.1936111111111107,40.33723,116.4958,1370.0,194.41259100000002
,2.195,40.334423,116.498726,1340.0,193.926681
,2.196111111111111,40.331333,116.5013,1310.0,198.008325
,2.197222222222222,40.328526,116.504234,1310.0,194.121045
,2.1983333333333333,40.326,116.5068,1280.0,172.838187
,2.199444444444444,40.323193,116.509735,1280.0,194.169636
,2.200555555555556,40.320385,116.51267,1250.0,194.218227
,2.2019444444444445,40.317577,116.515236,1220.0,185.13171
,2.2030555555555558,40.31477,116.51781,1190.0,185.277483
,2.204166666666667,40.311684,116.52074,1190.0,206.074431
,2.205277777777778,40.308876,116.52404,1190.0,203.93642700000004
,2.206388888888889,40.30635,116.52661,1190.0,172.935369
,2.2075,40.303543,116.529175,1190.0,185.083119
,2.208888888888889,40.300735,116.53211,1190.0,194.218227
,2.21,40.297646,116.53432,1190.0,190.330947
,2.2111111111111112,40.29456,116.53688,1190.0,197.522415
,2.2122222222222225,40.29147,116.53872,1190.0,183.57679800000003
,2.2133333333333334,40.2881,116.53982,1160.0,187.85280600000002
,2.2144444444444447,40.284172,116.54092,1160.0,217.250361
,2.2158333333333333,40.280804,116.542015,1130.0,187.707033
,2.2169444444444446,40.277153,116.54312,1100.0,202.67306100000005
,2.218055555555556,40.273506,116.54385,1070.0,199.56323700000002
,2.2191666666666667,40.270138,116.544586,1040.0,184.694391
,2.220277777777778,40.266205,116.54532,1010.0,214.869402
,2.221388888888889,40.262558,116.54642,980.0,202.43010600000002
,2.2225,40.258907,116.54678,950.0,198.05691600000003
,2.223888888888889,40.255257,116.54715,950.0,198.008325
,2.225,40.25161,116.54789,920.0,199.611828
,2.2261111111111114,40.248238,116.54862,880.0,184.888755
,2.227222222222222,40.24459,116.54899,850.0,197.911143
,2.2283333333333335,40.241222,116.54972,850.0,184.6458
,2.229444444444445,40.23757,116.54972,820.0,197.522415
,2.2308333333333334,40.234486,116.55045,820.0,169.53399900000002
,2.2319444444444447,40.231113,116.55082,790.0,183.090888
,2.2330555555555556,40.228027,116.551186,790.0,167.590359
,2.234166666666667,40.224937,116.55155,790.0,167.83331400000003
,2.2352777777777777,40.222134,116.551926,760.0,152.429967
,2.236388888888889,40.219326,116.55266,730.0,154.908108
,2.2377777777777776,40.216236,116.553024,730.0,167.83331400000003
,2.238888888888889,40.21343,116.55339,700.0,152.527149
,2.24,40.21062,116.55376,700.0,152.77010400000003
,2.241111111111111,40.207813,116.55449,670.0,154.81092600000002
,2.2422222222222223,40.20501,116.554855,670.0,152.38137600000002
,2.243333333333333,40.2022,116.55522,640.0,152.72151300000002
,2.2447222222222223,40.199394,116.55559,610.0,152.527149
,2.2458333333333336,40.196587,116.555954,610.0,152.57574000000002
,2.2469444444444444,40.19406,116.55633,610.0,137.561121
,2.2480555555555557,40.191532,116.556694,580.0,137.561121
,2.2491666666666665,40.189007,116.55706,550.0,137.41534800000002
,2.250277777777778,40.18648,116.55779,550.0,139.99067100000002
,2.251388888888889,40.183674,116.55816,550.0,152.527149
,2.2527777777777778,40.181145,116.558525,520.0,137.609712
,2.253888888888889,40.17862,116.55889,520.0,137.41534800000002
,2.255,40.176094,116.55926,490.0,137.463939
,2.256111111111111,40.173565,116.55962,490.0,137.609712
,2.257222222222222,40.17104,116.55999,460.0,137.41534800000002
,2.2583333333333333,40.168232,116.560356,430.0,152.624331
,2.2597222222222224,40.165707,116.56073,430.0,137.463939
,2.2608333333333333,40.16318,116.5611,400.0,137.561121
,2.2619444444444445,40.160652,116.56146,400.0,137.561121
,2.2630555555555554,40.157845,116.56183,370.0,152.624331
,2.2641666666666667,40.15532,116.562195,370.0,137.41534800000002
,2.265277777777778,40.152794,116.56256,340.0,137.463939
,2.2666666666666666,40.149986,116.56329,340.0,154.859517
,2.267777777777778,40.14746,116.56366,310.0,137.51253
,2.2688888888888887,40.14493,116.564026,310.0,137.706894
,2.27,40.142685,116.56439,310.0,122.35213800000002
,2.271111111111111,40.13988,116.56476,280.0,152.47855800000002
,2.272222222222222,40.137074,116.5655,280.0,154.81092600000002
,2.2736111111111112,40.134544,116.5655,240.0,136.83225600000003
,2.274722222222222,40.1323,116.565865,240.0,122.303547
,2.2758333333333334,40.129494,116.56623,210.0,152.527149
,2.276944444444444,40.126965,116.5666,210.0,137.65830300000002
,2.2780555555555555,40.12444,116.56696,180.0,137.366757
,2.279166666666667,40.121914,116.56733,180.0,137.51253
,2.2802777777777776,40.119385,116.567696,150.0,137.609712
,2.2816666666666667,40.11686,116.56806,150.0,137.41534800000002
,2.2827777777777776,40.114334,116.56843,120.0,137.51253
,2.283888888888889,40.111526,116.568794,120.0,152.624331
,2.2849999999999997,40.109,116.56916,90.0,137.463939
,2.286111111111111,40.106472,116.569534,90.0,137.609712
