54,CHH7704054,B763,A,ZGSZ,ZBAA,18R       
,16.75111111111111,34.32438,114.65459,10090.0,319.583007
,16.7525,34.33252,114.65716,10090.0,455.00612400000006
,16.753611111111113,34.344307,114.66412,10090.0,709.331418
,16.754722222222224,34.353855,114.66633,10090.0,525.8032110000001
,16.75583333333333,34.362835,114.66779,10090.0,490.088826
,16.756944444444443,34.370136,114.66889,10090.0,397.96029
,16.758055555555554,34.3794,114.66779,10090.0,503.4999420000001
,16.759444444444444,34.388664,114.67073,10090.0,517.9800600000001
,16.760555555555555,34.397648,114.66449,10090.0,560.108457
,16.761666666666667,34.40691,114.665596,10090.0,503.40276000000006
,16.762777777777778,34.416176,114.66889,10090.0,522.304659
,16.76388888888889,34.425156,114.66889,10090.0,485.715636
,16.765,34.43414,114.66779,10090.0,488.43673200000006
,16.766111111111112,34.443684,114.67146,10090.0,541.595286
,16.7675,34.452667,114.67183,10090.0,486.201546
,16.76861111111111,34.46221,114.67477,10090.0,532.6059510000001
,16.76972222222222,34.471195,114.67696,10090.0,495.725382
,16.770833333333332,34.48074,114.6755,10090.0,520.40961
,16.771944444444443,34.490005,114.6744,10090.0,503.548533
,16.773055555555555,34.499268,114.67403,10090.0,501.3133470000001
,16.774444444444445,34.508533,114.67477,10090.0,502.2365760000001
,16.775555555555556,34.517796,114.6744,10090.0,501.3133470000001
,16.776666666666667,34.52678,114.6744,10090.0,485.95859100000007
,16.77777777777778,34.536045,114.67477,10090.0,501.41052900000005
,16.778888888888886,34.545307,114.6744,10090.0,501.2647560000001
,16.779999999999998,34.55485,114.67477,10090.0,516.473739
,16.781388888888888,34.563835,114.67806,10090.0,507.63017700000006
,16.7825,34.5731,114.68027,10090.0,510.740001
,16.783611111111114,34.582363,114.681366,10090.0,503.40276000000006
,16.784722222222225,34.59163,114.68357,10090.0,510.788592
,16.785833333333336,34.60089,114.685036,10090.0,505.1034450000001
,16.786944444444448,34.610435,114.68687,10090.0,522.741978
,16.788333333333334,34.6197,114.68723,10090.0,501.41052900000005
,16.789444444444445,34.628963,114.68687,10090.0,501.3133470000001
,16.790555555555557,34.63823,114.68687,10090.0,501.2647560000001
,16.791666666666668,34.64749,114.68687,10090.0,500.876028
,16.79277777777778,34.657036,114.68687,10090.0,516.376557
,16.79388888888889,34.6663,114.688705,10090.0,507.72735900000004
,16.795,34.675846,114.692375,10090.0,541.5466950000001
,16.79638888888889,34.68511,114.69494,10090.0,513.9470070000001
,16.797500000000003,34.694374,114.69641,10090.0,505.3464
,16.798611111111114,34.70392,114.701546,10090.0,564.62742
,16.799722222222226,34.713463,114.70484,10090.0,536.590413
,16.800833333333333,34.722725,114.70118,10090.0,526.7750310000001
,16.801944444444445,34.73199,114.69567,10090.0,557.82468
,16.803333333333335,34.741535,114.69201,10090.0,541.3037400000002
,16.804444444444446,34.750797,114.69054,10090.0,505.2492180000001
,16.805555555555557,34.760063,114.68907,10090.0,505.4435820000001
,16.80666666666667,34.769325,114.68907,10090.0,500.97321000000005
,16.80777777777778,34.77887,114.691635,10090.0,528.7186710000001
,16.80888888888889,34.788414,114.691635,10090.0,516.230784
,16.810277777777777,34.79768,114.692375,10090.0,502.28516700000006
,16.81138888888889,34.806942,114.69311,10090.0,502.042212
,16.8125,34.81649,114.69678,10090.0,541.595286
,16.81361111111111,34.825752,114.70191,10090.0,550.341666
,16.814722222222223,34.835297,114.70301,10090.0,518.611743
,16.815833333333334,34.844563,114.70301,10090.0,501.21616500000005
,16.81722222222222,34.854107,114.70338,10090.0,516.52233
,16.81833333333333,34.86365,114.70374,10090.0,516.425148
,16.819444444444443,34.872913,114.702644,10090.0,503.40276000000006
,16.820555555555554,34.88218,114.70118,10090.0,505.4435820000001
,16.821666666666665,34.891724,114.70338,10090.0,525.414483
,16.822777777777777,34.900986,114.705215,10090.0,507.581586
,16.823888888888888,34.91053,114.70558,10090.0,516.52233
,16.825277777777778,34.919796,114.70558,10090.0,501.21616500000005
,16.82638888888889,34.92934,114.70705,10090.0,520.361019
,16.8275,34.938602,114.708145,10090.0,503.35416900000007
,16.828611111111112,34.948147,114.708145,10090.0,516.2793750000001
,16.829722222222223,34.957695,114.71035,10090.0,525.6574380000001
,16.830833333333334,34.96724,114.713646,10090.0,536.590413
,16.83222222222222,34.9765,114.715485,10090.0,507.48440400000004
,16.833333333333332,34.986046,114.71512,10090.0,516.619512
,16.834444444444443,34.99531,114.71291,10090.0,510.594228
,16.835555555555555,35.004574,114.71035,10090.0,513.801234
,16.836666666666666,35.01412,114.70924,10090.0,518.708925
,16.837777777777777,35.023663,114.70962,10090.0,516.473739
,16.839166666666664,35.03293,114.71035,10090.0,502.28516700000006
,16.840277777777775,35.04219,114.71072,10090.0,501.1675740000001
,16.841388888888886,35.051456,114.71072,10090.0,501.21616500000005
,16.842499999999998,35.061,114.71145,10090.0,517.251195
,16.84361111111111,35.070263,114.71255,10090.0,503.40276000000006
,16.84472222222222,35.079807,114.71402,10090.0,520.3124280000001
,16.84611111111111,35.08935,114.71475,10090.0,517.2026040000001
,16.84722222222222,35.098618,114.71658,10090.0,507.824541
,16.848333333333333,35.10788,114.71695,10090.0,501.2647560000001
,16.849444444444444,35.117424,114.71695,10090.0,516.230784
,16.850555555555555,35.12669,114.71768,10090.0,502.2365760000001
,16.851666666666667,35.136234,114.71952,10090.0,522.6447959999999
,16.852777777777778,35.145496,114.72062,10090.0,503.35416900000007
,16.854166666666668,35.155045,114.722824,10090.0,525.6574380000001
,16.85527777777778,35.164307,114.72612,10090.0,521.770158
,16.85638888888889,35.17385,114.72906,10090.0,532.314405
,16.8575,35.183117,114.72869,10090.0,501.50771100000003
,16.858611111111113,35.19266,114.72906,10090.0,516.473739
,16.859722222222224,35.201923,114.72979,10090.0,502.0908030000001
,16.861111111111114,35.211468,114.730156,10090.0,516.570921
,16.862222222222222,35.220734,114.73089,10090.0,502.2365760000001
,16.863333333333333,35.230278,114.73089,10090.0,516.230784
,16.864444444444445,35.23954,114.73163,10090.0,502.042212
,16.865555555555556,35.249084,114.73273,10090.0,518.5145610000001
,16.866666666666667,35.25835,114.73273,10090.0,501.21616500000005
,16.868055555555557,35.267612,114.73163,10090.0,503.35416900000007
,16.86916666666667,35.27688,114.73052,10090.0,503.694306
,16.87027777777778,35.286423,114.72942,10090.0,518.46597
,16.87138888888889,35.295685,114.731995,10090.0,513.752643
,16.8725,35.30523,114.73603,10090.0,546.1628400000001
,16.87361111111111,35.314495,114.738594,10090.0,513.752643
,16.875,35.323757,114.73896,10090.0,501.2647560000001
,16.87611111111111,35.3333,114.737495,10090.0,520.215246
,16.877222222222223,35.342567,114.7364,10090.0,503.59712400000006
,16.878333333333334,35.35183,114.73529,10090.0,503.45135100000005
,16.879444444444445,35.361378,114.73456,10090.0,517.445559
,16.880555555555556,35.37064,114.73419,10090.0,501.2647560000001
,16.881666666666668,35.3799,114.73529,10090.0,503.2083960000001
,16.883055555555558,35.389168,114.737495,10090.0,510.64281900000003
,16.884166666666665,35.39843,114.73786,10090.0,501.2647560000001
,16.885277777777777,35.407696,114.737495,10090.0,501.4591200000001
,16.886388888888888,35.41724,114.73823,10090.0,517.251195
,16.8875,35.426506,114.73896,10090.0,502.2365760000001
,16.88861111111111,35.43577,114.73786,10090.0,503.45135100000005
,16.89,35.44503,114.73603,10090.0,507.3386310000001
,16.891111111111112,35.454296,114.73676,10090.0,502.2365760000001
,16.892222222222223,35.46384,114.73933,10090.0,528.524307
,16.893333333333334,35.476475,114.74226,10090.0,695.5315740000001
,16.894444444444446,35.48293,114.74263,10090.0,349.51506300000005
,16.895833333333332,35.492195,114.7408,10090.0,507.581586
,16.896944444444443,35.501457,114.73933,10090.0,505.1520360000001
,16.898055555555555,35.510723,114.74153,10090.0,510.497046
,16.899166666666666,35.520267,114.7452,10090.0,540.963603
,16.900277777777777,35.52953,114.7485,10090.0,521.6729760000001
,16.90138888888889,35.539074,114.74997,10090.0,520.2638370000001
,16.902777777777775,35.54834,114.75364,10090.0,526.5806670000001
,16.903888888888886,35.557602,114.75474,10090.0,503.3055780000001
,16.904999999999998,35.566868,114.755104,10090.0,501.4591200000001
,16.90611111111111,35.57613,114.75547,10090.0,501.2647560000001
,16.90722222222222,35.585396,114.75437,10090.0,503.548533
,16.90833333333333,35.59438,114.75364,10090.0,487.027593
,16.90972222222222,35.603924,114.75364,10090.0,516.230784
,16.910833333333333,35.613186,114.7529,10090.0,502.042212
,16.911944444444444,35.62217,114.75107,10090.0,492.5669670000001
,16.913055555555555,35.631435,114.7496,10090.0,505.2978090000001
,16.914166666666667,35.640697,114.7507,10090.0,503.3055780000001
,16.915277777777778,35.64996,114.75107,10090.0,501.3133470000001
,16.916666666666668,35.659225,114.75253,10090.0,505.2492180000001
,16.91777777777778,35.668488,114.75547,10090.0,517.445559
,16.91888888888889,35.677753,114.75657,10090.0,503.4999420000001
,16.92,35.687016,114.756935,10090.0,501.3133470000001
,16.921111111111113,35.69628,114.75804,10090.0,503.45135100000005
,16.922222222222224,35.705265,114.75877,10090.0,487.076184
,16.923333333333336,35.714527,114.75987,10090.0,503.3055780000001
,16.924722222222222,35.72351,114.75804,10090.0,492.51837600000005
,16.925833333333333,35.732494,114.75987,10090.0,492.5669670000001
,16.926944444444445,35.743725,114.760605,10090.0,608.35932
,16.928055555555556,35.752987,114.76097,10090.0,501.2647560000001
,16.929166666666667,35.762253,114.76391,10090.0,517.542741
,16.93027777777778,35.771797,114.76501,10090.0,518.5145610000001
,16.93166666666667,35.78078,114.766106,10090.0,488.29095900000004
,16.93277777777778,35.790043,114.76574,10090.0,501.3133470000001
,16.933888888888887,35.79931,114.763176,10090.0,513.752643
,16.935,35.80829,114.76354,10090.0,486.007182
,16.93611111111111,35.817837,114.763176,10090.0,516.668103
,16.93722222222222,35.8271,114.763176,10090.0,501.070392
,16.93861111111111,35.836365,114.76281,10090.0,501.41052900000005
,16.939722222222223,35.845345,114.76464,10090.0,492.3240120000001
,16.940833333333334,35.85433,114.766846,10090.0,495.5310180000001
,16.941944444444445,35.863594,114.76831,10090.0,505.20062700000005
,16.943055555555556,35.872856,114.76831,10090.0,500.97321000000005
,16.944166666666668,35.882122,114.76758,10090.0,502.2365760000001
,16.945555555555554,35.891384,114.76868,10090.0,503.3055780000001
,16.946666666666665,35.90065,114.767944,10090.0,502.2365760000001
,16.947777777777777,35.909634,114.76758,10090.0,486.201546
,16.948888888888888,35.918896,114.76904,10090.0,505.0548540000001
,16.95,35.92788,114.77051,10090.0,490.186008
,16.95111111111111,35.936863,114.77271,10090.0,495.38524500000005
,16.952222222222222,35.946125,114.77491,10090.0,510.1569090000001
,16.953611111111112,35.95511,114.77602,10090.0,488.43673200000006
,16.954722222222223,35.964092,114.77638,10090.0,486.10436400000003
,16.95583333333333,35.973076,114.77675,10090.0,486.201546
,16.956944444444442,35.98234,114.777115,10090.0,501.36193800000007
,16.958055555555553,35.991886,114.77602,10090.0,518.563152
,16.959166666666665,36.00115,114.777115,10090.0,503.40276000000006
,16.960555555555555,36.010414,114.77748,10090.0,501.36193800000007
,16.961666666666666,36.019394,114.77748,10090.0,485.715636
,16.962777777777777,36.02866,114.77785,10090.0,501.4591200000001
,16.96388888888889,36.03792,114.77638,10090.0,505.006263
,16.965,36.04775,114.77418,10090.0,540.3319200000001
,16.96611111111111,36.057293,114.77602,10090.0,522.450432
,16.967499999999998,36.066837,114.77638,10090.0,516.473739
,16.96861111111111,36.073856,114.77675,10090.0,380.030211
,16.96972222222222,36.081997,114.77491,10090.0,447.62029200000006
,16.97083333333333,36.092102,114.77968,10090.0,585.0356400000001
,16.971944444444443,36.101646,114.782616,10090.0,531.974268
,16.973055555555554,36.110912,114.78225,10090.0,501.4591200000001
,16.974444444444444,36.11821,114.78042,10090.0,402.770799
,16.975555555555555,36.127754,114.78592,10090.0,569.437929
,16.976666666666667,36.13758,114.78886,10090.0,546.794523
,16.977777777777778,36.146564,114.78812,10090.0,487.027593
,16.978888888888886,36.155827,114.78922,10090.0,503.35416900000007
,16.979999999999997,36.163406,114.79032,10090.0,412.7805450000001
,16.981111111111108,36.174076,114.789955,10090.0,577.358262
,16.982499999999998,36.18334,114.79069,10090.0,502.1393940000001
,16.983611111111113,36.192604,114.79179,10090.0,503.40276000000006
,16.984722222222224,36.201588,114.79179,10090.0,485.95859100000007
,16.985833333333336,36.21057,114.79215,10090.0,486.10436400000003
,16.986944444444447,36.219833,114.79252,10090.0,501.3133470000001
,16.988055555555558,36.228817,114.79436,10090.0,492.5669670000001
,16.989444444444445,36.236115,114.79803,10090.0,425.99729700000006
,16.990555555555556,36.246223,114.79692,10090.0,548.8839360000001
,16.991666666666667,36.256607,114.79509,10090.0,567.348516
,16.99277777777778,36.266434,114.79399,10090.0,533.7235440000001
,16.99388888888889,36.2757,114.79582,10090.0,507.532995
,16.995,36.285244,114.793625,10090.0,525.0257550000001
,16.99638888888889,36.296192,114.789955,10090.0,613.4127840000001
,16.997500000000002,36.30349,114.793625,10090.0,425.9487060000001
,16.998611111111114,36.313034,114.792885,10090.0,517.251195
,16.999722222222225,36.321457,114.79436,10090.0,460.108179
,17.000833333333333,36.329876,114.79619,10090.0,462.34336500000006
,17.001944444444444,36.339703,114.79729,10090.0,533.7235440000001
,17.003333333333334,36.35009,114.796555,10090.0,562.7809619999999
,17.004444444444445,36.35823,114.80059,10090.0,474.102387
,17.005555555555556,36.367496,114.80132,10090.0,502.2365760000001
,17.006666666666668,36.376476,114.803894,10090.0,498.49506900000006
,17.00777777777778,36.38546,114.806465,10090.0,498.689433
,17.00888888888889,36.395287,114.80756,10090.0,533.6749530000001
,17.01,36.40427,114.81087,10090.0,506.80413
,17.011388888888888,36.412693,114.81637,10090.0,514.675872
,17.0125,36.421677,114.8193,10090.0,502.4309400000001
,17.01361111111111,36.430378,114.82444,10090.0,521.089884
,17.014722222222222,36.43936,114.829575,10090.0,534.792546
,17.015833333333333,36.44778,114.836174,10090.0,538.3882800000001
,17.016944444444444,36.45452,114.84571,10090.0,552.3338970000001
,17.01833333333333,36.461536,114.855255,10090.0,562.5380070000001
,17.019444444444442,36.46996,114.86112,10090.0,522.207477
,17.020555555555553,36.4781,114.86956,10090.0,573.276618
,17.021666666666665,36.484276,114.87983,10090.0,557.776089
,17.022777777777776,36.49045,114.88973,10090.0,544.899474
,17.023888888888887,36.496628,114.900375,10090.0,570.94425
,17.025277777777777,36.503086,114.90991,10090.0,542.129787
,17.02638888888889,36.50954,114.91835,10090.0,506.4639930000001
,17.0275,36.516,114.92825,10090.0,554.374719
,17.02861111111111,36.523018,114.93706,10090.0,539.214327
,17.029722222222222,36.530598,114.94476,10090.0,529.2531720000001
,17.030833333333334,36.538177,114.952835,10090.0,539.6516460000001
,17.03222222222222,36.545753,114.960175,10090.0,519.2920170000001
,17.033333333333335,36.553616,114.96714,10090.0,522.0131130000001
,17.034444444444446,36.561756,114.97375,10090.0,525.7060290000001
,17.035555555555558,36.570457,114.97925,10090.0,527.8440330000001
,17.03666666666667,36.579723,114.98438,10090.0,548.495208
,17.03777777777778,36.588707,114.988785,10090.0,522.256068
,17.03888888888889,36.59797,114.99355,10090.0,542.081196
,17.040277777777778,36.60583,115.00016,10090.0,512.9751870000001
,17.04138888888889,36.614532,115.00639,10090.0,542.907243
,17.0425,36.623516,115.01116,10090.0,528.232761
,17.04361111111111,36.63194,115.01666,10090.0,514.432917
,17.044722222222223,36.640923,115.021805,10090.0,534.743955
,17.045833333333334,36.64934,115.02767,10090.0,521.624385
,17.047222222222224,36.657204,115.03427,10090.0,512.829414
,17.048333333333336,36.665344,115.041245,10090.0,534.306636
,17.049444444444447,36.673767,115.047844,10090.0,538.0967340000001
,17.050555555555555,36.681908,115.05335,10090.0,500.97321000000005
,17.051666666666666,36.69005,115.059586,10090.0,516.862467
,17.052777777777777,36.69875,115.06472,10090.0,520.603974
,17.054166666666667,36.707455,115.07023,10090.0,528.038397
,17.05527777777778,36.716434,115.075,10090.0,527.8926240000001
,17.05638888888889,36.724857,115.083435,10090.0,584.258184
,17.0575,36.73356,115.09077,10090.0,568.0773810000001
,17.058611111111112,36.742264,115.09517,10090.0,507.9703140000001
,17.059722222222224,36.750404,115.1003,10090.0,493.247241
,17.061111111111114,36.758545,115.10581,10090.0,500.924619
,17.06222222222222,36.766685,115.112045,10090.0,516.570921
,17.063333333333333,36.774548,115.12085,10090.0,571.381569
,17.064444444444444,36.78325,115.12672,10090.0,534.9869100000001
,17.065555555555555,36.79195,115.131485,10090.0,513.8984160000001
,17.066666666666666,36.800373,115.13809,10090.0,537.9995520000001
,17.067777777777778,36.809074,115.14286,10090.0,513.9955980000001
,17.069166666666668,36.818058,115.14726,10090.0,521.9645220000001
,17.07027777777778,36.8262,115.15276,10090.0,500.68166400000007
,17.07138888888889,36.83406,115.15937,10090.0,512.489277
,17.072499999999998,36.8422,115.16597,10090.0,524.879982
,17.07361111111111,36.850903,115.17221,10090.0,542.76147
,17.07472222222222,36.86017,115.17661,10090.0,536.201685
,17.07611111111111,36.868587,115.18358,10090.0,546.1628400000001
,17.077222222222222,36.87701,115.18945,10090.0,521.624385
,17.078333333333333,36.885994,115.19422,10090.0,527.941215
,17.079444444444444,36.89526,115.19862,10090.0,536.153094
,17.080555555555556,36.90368,115.204124,10090.0,513.8984160000001
,17.081666666666667,36.9121,115.209625,10090.0,513.8498250000001
,17.083055555555557,36.920525,115.215866,10090.0,529.6419000000001
,17.084166666666665,36.929226,115.2221,10090.0,542.372742
,17.085277777777776,36.937366,115.22871,10090.0,524.928573
,17.086388888888887,36.94579,115.23494,10090.0,529.3017629999999
,17.0875,36.954212,115.24081,10090.0,521.478612
,17.08861111111111,36.962914,115.246315,10090.0,527.406714
,17.09,36.971615,115.25108,10090.0,513.752643
,17.09111111111111,36.980316,115.25622,10090.0,520.40961
,17.092222222222222,36.98874,115.26245,10090.0,529.2531720000001
,17.093333333333334,36.99744,115.26906,10090.0,550.4874390000001
,17.094444444444445,37.005863,115.27529,10090.0,529.1559900000001
,17.095555555555553,37.014565,115.280426,10090.0,520.361019
,17.096666666666664,37.022987,115.2874,10090.0,546.114249
,17.098055555555554,37.031128,115.29437,10090.0,533.383407
,17.099166666666665,37.04011,115.298775,10090.0,521.770158
,17.10027777777778,37.048252,115.30831,10090.0,602.868537
,17.10138888888889,37.056957,115.31491,10090.0,550.341666
,17.102500000000003,37.06566,115.31895,10090.0,501.993621
,17.103611111111114,37.074642,115.32225,10090.0,506.26962900000007
,17.105,37.083904,115.32592,10090.0,525.414483
,17.10611111111111,37.092327,115.33069,10090.0,499.95279899999997
,17.107222222222223,37.10075,115.33692,10090.0,529.010217
,17.108333333333334,37.10917,115.34242,10090.0,513.558279
,17.109444444444446,37.11759,115.3483,10090.0,521.284248
,17.110555555555557,37.126015,115.35343,10090.0,506.609766
,17.111944444444447,37.134716,115.359665,10090.0,542.032605
,17.113055555555558,37.143417,115.36517,10090.0,527.115168
,17.11416666666667,37.15156,115.37141,10090.0,516.1336020000001
,17.11527777777778,37.160263,115.37764,10090.0,541.984014
,17.116388888888892,37.168964,115.38278,10090.0,520.215246
,17.1175,37.17767,115.38755,10090.0,513.8498250000001
,17.11888888888889,37.18665,115.39122,10090.0,510.83718300000004
,17.12,37.195072,115.39709,10090.0,521.089884
,17.121111111111112,37.202934,115.40405,10090.0,520.361019
,17.122222222222224,37.211353,115.41029,10090.0,528.8158530000001
,17.123333333333335,37.220337,115.41323,10090.0,502.1879850000001
,17.124444444444446,37.229042,115.418,10090.0,513.752643
,17.125555555555557,37.237743,115.423134,10090.0,519.972291
,17.126944444444444,37.2456,115.431206,10090.0,549.029709
,17.128055555555555,37.253746,115.43744,10090.0,515.9392380000002
,17.129166666666666,37.26329,115.44001,10090.0,527.989806
,17.130277777777778,37.27171,115.44478,10090.0,499.61266200000006
,17.13138888888889,37.27957,115.45248,10090.0,539.068554
,17.1325,37.287994,115.45872,10090.0,528.913035
,17.133888888888887,37.296413,115.463486,10060.0,499.46688900000004
,17.134999999999998,37.30512,115.46899,10030.0,527.163759
,17.13611111111111,37.31382,115.473755,10030.0,513.315324
,17.13722222222222,37.322243,115.47926,10000.0,513.461097
,17.138333333333332,37.330383,115.482925,9970.0,467.68837500000006
,17.139444444444443,37.338802,115.488434,9940.0,513.363915
,17.140833333333333,37.347507,115.49467,9910.0,541.886832
,17.141944444444444,37.35621,115.4998,9880.0,519.8751090000001
,17.143055555555556,37.36463,115.50568,9850.0,520.89552
,17.144166666666667,37.37305,115.51118,9810.0,513.1695510000001
,17.14527777777778,37.381474,115.51668,9780.0,513.363915
,17.14638888888889,37.390457,115.52071,9720.0,515.8420560000001
,17.147777777777776,37.39888,115.526215,9690.0,513.363915
,17.148888888888887,37.4073,115.53172,9690.0,513.2181420000001
,17.15,37.416004,115.53649,9660.0,513.461097
,17.15111111111111,37.424706,115.54089,9630.0,507.24144900000005
,17.15222222222222,37.43313,115.546394,9600.0,513.363915
,17.153333333333332,37.441547,115.551895,9600.0,512.9265960000001
,17.154444444444444,37.44997,115.55776,9570.0,520.603974
,17.15583333333333,37.458675,115.56364,9540.0,534.306636
,17.15694444444444,37.466816,115.57024,9540.0,523.6652070000001
,17.158055555555553,37.475517,115.575745,9510.0,526.629258
,17.159166666666664,37.48394,115.58161,9480.0,520.555383
,17.160277777777775,37.49264,115.58638,9480.0,513.2181420000001
,17.161388888888887,37.501064,115.59225,9450.0,520.652565
,17.162777777777777,37.509483,115.59738,9420.0,505.783719
,17.163888888888888,37.51819,115.60252,9390.0,520.069473
,17.165,37.526608,115.608025,9330.0,512.9265960000001
,17.16611111111111,37.53503,115.613525,9300.0,513.0237780000001
,17.16722222222222,37.543453,115.619026,9240.0,513.0723690000001
,17.168333333333333,37.552155,115.62417,9110.0,519.8265180000001
,17.169722222222223,37.560577,115.6293,9050.0,505.880901
,17.170833333333334,37.568718,115.6348,8990.0,499.5154800000001
,17.171944444444446,37.57742,115.640305,8930.0,526.532076
,17.173055555555557,37.585842,115.645805,8870.0,512.9265960000001
,17.174166666666668,37.594265,115.65168,8810.0,520.555383
,17.17527777777778,37.602966,115.656815,8750.0,519.534972
,17.17666666666667,37.611668,115.662315,8720.0,526.386303
,17.17777777777778,37.62009,115.66819,8690.0,520.458201
,17.17888888888889,37.628513,115.67406,8630.0,520.40961
,17.18,37.636932,115.679924,8600.0,520.069473
,17.18111111111111,37.645638,115.6858,8560.0,533.966499
,17.182222222222222,37.65462,115.6902,8530.0,521.089884
,17.183333333333334,37.66304,115.6957,8500.0,512.7322320000001
,17.184722222222224,37.67118,115.7012,8470.0,499.3211160000001
,17.185833333333335,37.679325,115.70707,8440.0,507.19285800000006
,17.186944444444446,37.687744,115.71221,8380.0,505.783719
,17.188055555555557,37.695885,115.71771,8350.0,499.3211160000001
,17.189166666666665,37.704308,115.72285,8320.0,505.929492
,17.190277777777776,37.71273,115.727615,8230.0,499.126752
,17.191666666666666,37.72143,115.73238,8200.0,512.878005
,17.192777777777778,37.730133,115.73642,8170.0,501.50771100000003
,17.19388888888889,37.73884,115.740456,8110.0,501.60489300000006
,17.195,37.747257,115.74486,8080.0,492.71274000000005
,17.19611111111111,37.75568,115.749626,8020.0,499.126752
,17.197222222222223,37.764103,115.75403,7990.0,493.00428600000004
,17.198611111111113,37.772243,115.75843,7920.0,478.81571400000007
,17.199722222222224,37.78235,115.76393,7890.0,595.1425680000001
,17.200833333333332,37.789368,115.7676,7860.0,410.7397230000001
,17.201944444444443,37.79807,115.772,7800.0,506.90131199999996
,17.203055555555554,37.80649,115.776405,7770.0,492.80992200000003
,17.204444444444444,37.814915,115.78044,7740.0,487.27054799999996
,17.205555555555556,37.823334,115.78448,7680.0,487.027593
,17.206666666666667,37.832317,115.787415,7650.0,501.799257
,17.20777777777778,37.84074,115.79108,7620.0,481.77976500000005
,17.20888888888889,37.849163,115.79438,7590.0,476.92066500000004
,17.21,37.857864,115.79732,7560.0,487.12477500000006
,17.211388888888887,37.866005,115.80062,7530.0,462.34336500000006
,17.2125,37.87471,115.80392,7500.0,491.4979650000001
,17.21361111111111,37.88313,115.806854,7500.0,472.353111
,17.21472222222222,37.891552,115.80979,7500.0,472.4988840000001
,17.215833333333332,37.900253,115.81272,7500.0,486.97900200000004
,17.216944444444444,37.90896,115.81566,7500.0,487.4163210000001
,17.21833333333333,37.917377,115.81896,7500.0,476.5805280000001
,17.21944444444444,37.925518,115.821526,7500.0,453.74275800000004
,17.220555555555553,37.93394,115.82446,7500.0,472.45029300000004
,17.221666666666664,37.942642,115.827034,7500.0,483.33467700000006
,17.222777777777775,37.951065,115.8296,7500.0,468.56301300000007
,17.223888888888887,37.959766,115.832535,7500.0,487.027593
,17.225277777777777,37.96819,115.83547,7500.0,472.547475
,17.226388888888888,37.976612,115.8384,7500.0,472.401702
,17.2275,37.985035,115.84134,7500.0,472.547475
,17.22861111111111,37.993454,115.84428,7500.0,472.30452
,17.22972222222222,38.00216,115.847206,7500.0,487.173366
,17.230833333333333,38.0103,115.84978,7500.0,453.74275800000004
,17.231944444444444,38.019,115.85308,7500.0,491.157828
,17.233333333333334,38.027424,115.85601,7500.0,472.45029300000004
,17.234444444444446,38.035843,115.859314,7500.0,476.67771000000005
,17.236666666666668,38.052967,115.86408,7500.0,948.253365
,17.23777777777778,38.06139,115.86629,7500.0,465.21023400000007
,17.23888888888889,38.07009,115.86922,7500.0,486.8332290000001
,17.240277777777777,38.078514,115.872154,7500.0,472.4988840000001
,17.24138888888889,38.087215,115.87509,7500.0,486.97900200000004
,17.2425,38.09564,115.877655,7500.0,468.61160400000006
,17.24361111111111,38.10378,115.880226,7500.0,453.694167
,17.244722222222222,38.1122,115.883156,7500.0,472.20733800000005
,17.245833333333334,38.120342,115.88573,7500.0,453.83994000000007
,17.247222222222224,38.129044,115.8883,7500.0,483.2374950000001
,17.248333333333335,38.137466,115.89086,7500.0,468.41724000000005
,17.249444444444446,38.14589,115.89307,7500.0,465.25882500000006
,17.250555555555554,38.153748,115.895996,7500.0,442.90696500000007
,17.251666666666665,38.16217,115.89857,7500.0,468.514422
,17.252777777777776,38.170593,115.90114,7500.0,468.514422
,17.253888888888888,38.178734,115.9037,7500.0,453.596985
,17.255277777777778,38.186874,115.90627,7500.0,453.64557600000006
,17.25638888888889,38.195015,115.9092,7470.0,457.63003800000007
,17.2575,38.203156,115.91177,7470.0,453.694167
,17.25861111111111,38.211296,115.91471,7440.0,457.678629
,17.259722222222223,38.21972,115.91691,7410.0,465.1616430000001
,17.260833333333334,38.22786,115.91911,7380.0,450.098433
,17.26222222222222,38.236,115.92204,7350.0,457.581447
,17.263333333333332,38.24414,115.924614,7320.0,453.694167
,17.264444444444443,38.252563,115.92718,7280.0,468.465831
,17.265555555555554,38.260426,115.930115,7220.0,443.19851100000005
,17.266666666666666,38.268284,115.93305,7190.0,442.955556
,17.267777777777777,38.276424,115.93598,7160.0,457.532856
,17.269166666666667,38.28457,115.93855,7100.0,453.93712200000004
,17.27027777777778,38.292988,115.94149,7070.0,472.158747
,17.27138888888889,38.30113,115.94405,7040.0,453.596985
,17.272499999999997,38.30899,115.94699,6980.0,443.1013290000001
,17.27361111111111,38.31713,115.94956,6950.0,453.596985
,17.27472222222222,38.32527,115.95176,6920.0,450.098433
,17.27611111111111,38.333412,115.95433,6920.0,453.694167
,17.27722222222222,38.341274,115.956894,6920.0,438.971094
,17.278333333333332,38.349415,115.959465,6890.0,453.64557600000006
,17.279444444444444,38.357555,115.962395,6890.0,457.48426500000005
,17.280555555555555,38.365696,115.964966,6890.0,453.64557600000006
,17.281666666666666,38.373837,115.96754,6860.0,453.694167
,17.282777777777778,38.381977,115.97047,6860.0,457.48426500000005
,17.284166666666668,38.39012,115.972305,6830.0,447.280155
,17.28527777777778,38.39798,115.975235,6800.0,442.955556
,17.28638888888889,38.40584,115.97817,6740.0,443.00414700000005
,17.2875,38.4137,115.98074,6710.0,438.873912
,17.288611111111113,38.42184,115.98331,6680.0,453.596985
,17.289722222222224,38.429703,115.98588,6610.0,439.01968500000004
,17.291111111111114,38.437843,115.98844,6580.0,453.45121200000006
,17.292222222222225,38.4457,115.99065,6520.0,435.180996
,17.293333333333337,38.454124,115.99358,6460.0,472.25592900000004
,17.294444444444448,38.461704,115.99615,6430.0,424.19943000000006
,17.295555555555556,38.469566,115.999084,6370.0,443.05273800000003
,17.296666666666667,38.477707,116.00165,6310.0,453.5483940000001
,17.298055555555557,38.485565,116.00385,6280.0,435.132405
,17.299166666666668,38.493706,116.00679,6220.0,457.63003800000007
,17.30027777777778,38.501568,116.00899,6190.0,435.32676900000007
,17.30138888888889,38.509426,116.011925,6100.0,442.80978300000004
,17.302500000000002,38.517006,116.01412,6040.0,420.409332
,17.303611111111113,38.524868,116.01706,6000.0,443.1013290000001
,17.305,38.532726,116.01962,5940.0,438.630957
,17.30611111111111,38.540306,116.02256,5910.0,428.47543800000005
,17.307222222222222,38.54817,116.024765,5850.0,435.47254200000003
,17.308333333333334,38.555748,116.02733,5820.0,424.00506600000006
,17.309444444444445,38.563606,116.0299,5790.0,438.72813900000006
,17.310555555555556,38.57147,116.03246,5760.0,438.92250300000006
,17.311666666666667,38.57905,116.03467,5730.0,420.506514
,17.313055555555557,38.586628,116.03723,5730.0,423.956475
,17.31416666666667,38.593925,116.0398,5730.0,409.37917500000003
,17.31527777777778,38.601788,116.04237,5700.0,438.971094
,17.31638888888889,38.609367,116.04494,5700.0,424.10224800000003
,17.3175,38.616665,116.047874,5700.0,413.80095600000004
,17.31861111111111,38.624527,116.05007,5700.0,435.278178
,17.32,38.632385,116.05264,5700.0,438.67954800000007
,17.32111111111111,38.640247,116.05484,5700.0,435.32676900000007
,17.322222222222223,38.647827,116.05778,5700.0,428.42684700000007
,17.323333333333334,38.655403,116.060715,5700.0,428.135301
,17.324444444444445,38.662983,116.06291,5700.0,420.3607410000001
,17.325555555555557,38.670845,116.06548,5700.0,438.92250300000006
,17.326944444444443,38.678986,116.06805,5700.0,453.5483940000001
,17.328055555555554,38.686848,116.07062,5700.0,438.873912
,17.329166666666666,38.694706,116.07319,5700.0,438.67954800000007
,17.330277777777777,38.702286,116.07575,5700.0,424.00506600000006
,17.33138888888889,38.709866,116.07832,5700.0,424.10224800000003
,17.3325,38.717445,116.080154,5700.0,417.202326
,17.333888888888886,38.725586,116.082726,5700.0,453.5483940000001
,17.334999999999997,38.732883,116.08529,5700.0,409.28199300000006
,17.33611111111111,38.740746,116.08786,5700.0,438.92250300000006
,17.33722222222222,38.748325,116.09043,5700.0,424.05365700000004
,17.33833333333333,38.755905,116.092995,5700.0,424.05365700000004
,17.339444444444442,38.763763,116.095566,5700.0,438.67954800000007
,17.340833333333332,38.771343,116.09813,5700.0,424.05365700000004
,17.341944444444444,38.778923,116.1007,5700.0,424.10224800000003
,17.343055555555555,38.786503,116.103264,5700.0,424.00506600000006
,17.344166666666666,38.794365,116.1062,5700.0,442.90696500000007
,17.345277777777778,38.801945,116.10877,5700.0,424.10224800000003
,17.34638888888889,38.809525,116.111336,5700.0,424.05365700000004
,17.3475,38.817104,116.11354,5700.0,420.3607410000001
,17.348888888888887,38.824963,116.11574,5700.0,435.083814
,17.35,38.832825,116.11831,5700.0,438.82532100000003
,17.351111111111113,38.840683,116.12087,5700.0,438.53377500000005
,17.352222222222224,38.848263,116.12344,5700.0,424.05365700000004
,17.353333333333335,38.856125,116.12638,5700.0,442.955556
,17.354444444444447,38.863705,116.128944,5700.0,424.00506600000006
,17.355833333333333,38.871563,116.13188,5700.0,442.66401
,17.356944444444444,38.879425,116.13409,5700.0,435.32676900000007
,17.358055555555556,38.887283,116.13665,5700.0,438.485184
,17.359166666666667,38.894863,116.13922,5700.0,424.05365700000004
,17.360277777777778,38.902725,116.141785,5700.0,438.77673000000004
,17.36138888888889,38.910583,116.14399,5700.0,435.083814
,17.36277777777778,38.918163,116.14692,5700.0,428.135301
,17.36388888888889,38.925743,116.14949,5700.0,424.05365700000004
,17.365000000000002,38.933605,116.15206,5700.0,438.77673000000004
,17.366111111111113,38.941463,116.15499,5700.0,442.56682800000004
,17.36722222222222,38.949043,116.157196,5700.0,420.3607410000001
,17.368333333333332,38.956905,116.15939,5700.0,435.180996
,17.369722222222222,38.964485,116.16233,5700.0,428.232483
,17.370833333333334,38.972343,116.16527,5700.0,442.66401
,17.371944444444445,38.980206,116.167465,5700.0,435.22958700000004
,17.373055555555556,38.987785,116.17004,5700.0,424.00506600000006
,17.374166666666667,38.995644,116.1726,5700.0,438.53377500000005
,17.37527777777778,39.003784,116.174805,5700.0,449.9526600000001
,17.37638888888889,39.011086,116.17737,5700.0,409.4277660000001
,17.37777777777778,39.01866,116.17994,5700.0,423.66492900000003
,17.378888888888888,39.026524,116.18251,5700.0,438.873912
,17.38,39.034386,116.185074,5700.0,438.67954800000007
,17.38111111111111,39.042244,116.187645,5700.0,438.582366
,17.38222222222222,39.049824,116.190575,5700.0,428.08671000000004
,17.383333333333333,39.057404,116.19388,5700.0,432.89721900000006
,17.384722222222223,39.064983,116.19755,5700.0,437.999274
,17.385833333333334,39.072563,116.20085,5700.0,432.80003700000003
,17.386944444444445,39.08042,116.20415,5700.0,447.03720000000004
,17.388055555555557,39.088,116.207085,5700.0,428.135301
,17.389166666666664,39.09558,116.209656,5700.0,424.00506600000006
,17.390277777777776,39.10372,116.21112,5700.0,444.5590590000001
,17.391666666666666,39.111862,116.21222,5700.0,442.80978300000004
,17.392777777777777,39.119724,116.21295,5700.0,426.386025
,17.39388888888889,39.127865,116.21222,5700.0,441.400644
,17.395,39.135727,116.21222,5700.0,425.268432
,17.39611111111111,39.143585,116.21222,5700.0,425.025477
,17.397222222222222,39.151726,116.21185,5700.0,440.623188
,17.398611111111112,39.159588,116.21112,5700.0,426.386025
,17.399722222222223,39.167168,116.21039,5700.0,411.177042
,17.40083333333333,39.175026,116.21002,5700.0,425.317023
,17.401944444444442,39.182888,116.21002,5700.0,425.268432
,17.403055555555554,39.190746,116.21002,5700.0,425.025477
,17.404166666666665,39.19861,116.209656,5700.0,425.65716000000003
,17.405277777777776,39.206467,116.20929,5700.0,425.268432
,17.406666666666666,39.214046,116.20892,5700.0,410.25381300000004
,17.407777777777778,39.22191,116.20855,5700.0,425.65716000000003
,17.40888888888889,39.229767,116.20855,5700.0,424.97688600000004
,17.41,39.23763,116.20782,5700.0,426.43461600000006
,17.41111111111111,39.24521,116.20782,5700.0,410.01085800000004
,17.41222222222222,39.253067,116.20818,5700.0,425.268432
,17.41361111111111,39.26093,116.20855,5700.0,425.60856900000005
,17.41472222222222,39.26907,116.20855,5700.0,440.28305100000006
,17.41583333333333,39.27693,116.20892,5700.0,425.4627960000001
,17.416944444444447,39.28479,116.20929,5700.0,425.4627960000001
,17.418055555555558,39.29293,116.209656,5700.0,440.57459700000004
,17.41916666666667,39.300793,116.21002,5700.0,425.60856900000005
,17.420555555555556,39.308933,116.210754,5700.0,441.35205300000007
,17.421666666666667,39.31679,116.21112,5700.0,425.268432
,17.422777777777778,39.324936,116.21185,5700.0,441.69219000000004
,17.42388888888889,39.332794,116.21222,5700.0,425.317023
,17.425,39.340656,116.21295,5700.0,426.33743400000003
,17.426111111111112,39.348797,116.213326,5700.0,440.623188
,17.427500000000002,39.356377,116.21406,5700.0,411.177042
,17.428611111111113,39.363956,116.214424,5700.0,410.25381300000004
,17.429722222222225,39.371536,116.21516,5700.0,411.177042
,17.430833333333336,39.379116,116.21552,5700.0,410.3024040000001
,17.431944444444447,39.386692,116.216255,5700.0,410.93408700000003
,17.43305555555556,39.393993,116.21662,5700.0,395.23919400000005
,17.434166666666666,39.40129,116.217354,5700.0,395.87087700000006
,17.435555555555556,39.408592,116.218094,5700.0,396.16242300000005
,17.436666666666667,39.415607,116.21883,5700.0,380.710485
,17.43777777777778,39.423187,116.22029,5700.0,414.529821
,17.43888888888889,39.429924,116.22213,5700.0,372.450015
,17.44,39.436382,116.22469,5700.0,365.307138
,17.441111111111113,39.44256,116.22836,5700.0,367.6880970000001
,17.4425,39.448734,116.232765,5700.0,381.29357699999997
,17.44361111111111,39.45435,116.238266,5700.0,380.904849
,17.44472222222222,39.459965,116.2434,5700.0,371.76974100000007
,17.445833333333333,39.464737,116.24964,5700.0,366.76486800000004
,17.446944444444444,39.469227,116.25624,5700.0,367.34796
,17.448055555555555,39.472878,116.26358,5700.0,364.578273
,17.449444444444445,39.476246,116.27092,5700.0,356.51216700000003
,17.450555555555553,39.479053,116.27862,5700.0,355.540347
,17.451666666666664,39.48158,116.28632,5700.0,349.32069900000005
,17.452777777777776,39.4827,116.29476,5700.0,357.53257800000006
,17.453888888888887,39.483265,116.303566,5700.0,368.902872
,17.455,39.483265,116.312004,5700.0,352.28475000000003
,17.45611111111111,39.483826,116.32044,5700.0,353.499525
,17.4575,39.484386,116.328514,5670.0,338.43631500000004
,17.45861111111111,39.484386,116.33732,5640.0,367.63950600000004
,17.459722222222222,39.48523,116.34502,5640.0,324.685062
,17.460833333333333,39.48579,116.35309,5610.0,338.24195100000003
,17.461944444444445,39.48607,116.36116,5580.0,337.22154
,17.463055555555556,39.48691,116.36923,5580.0,339.94263600000005
,17.464444444444442,39.487194,116.377304,5520.0,337.41590400000007
,17.465555555555554,39.487194,116.385376,5490.0,336.978585
,17.466666666666665,39.486633,116.393074,5460.0,322.79001300000004
,17.467777777777776,39.48523,116.40041,5430.0,315.501363
,17.468888888888888,39.482983,116.40739,5390.0,315.7443180000001
,17.47,39.480457,116.41472,5360.0,335.132127
,17.47138888888889,39.47709,116.42096,5330.0,317.882322
,17.472499999999997,39.473156,116.42719,5300.0,336.055356
,17.473611111111108,39.47035,116.43343,5270.0,301.55574600000006
,17.47472222222222,39.46586,116.4393,5240.0,345.044691
,17.47583333333333,39.46249,116.44553,5210.0,317.6879580000001
,17.47694444444444,39.45884,116.451775,5180.0,327.114612
,17.47833333333333,39.455753,116.458374,5150.0,322.255512
,17.479444444444443,39.452663,116.464615,5120.0,309.62185200000005
,17.480555555555554,39.449295,116.471214,5090.0,330.370209
,17.481666666666666,39.44621,116.477455,5090.0,309.52467
,17.482777777777777,39.4434,116.484055,5090.0,314.82108900000003
,17.483888888888888,39.44031,116.490295,5090.0,309.670443
,17.485277777777778,39.437225,116.49653,5090.0,309.33030600000006
,17.48638888888889,39.434418,116.50313,5090.0,314.77249800000004
,17.4875,39.431328,116.509735,5090.0,322.59564900000004
,17.488611111111112,39.42852,116.516335,5090.0,314.82108900000003
,17.489722222222223,39.425434,116.52294,5090.0,322.547058
,17.490833333333335,39.422344,116.529175,5090.0,309.52467
,17.491944444444446,39.41982,116.535416,5090.0,294.364278
,17.493333333333336,39.416733,116.54238,5090.0,335.52085500000004
,17.494444444444447,39.413925,116.54899,5090.0,315.20981700000004
,17.495555555555555,39.410835,116.55559,5090.0,322.498467
,17.496666666666666,39.408028,116.562195,5090.0,315.064044
,17.497777777777777,39.40494,116.56843,5090.0,309.52467
,17.49888888888889,39.402134,116.575035,5090.0,315.01545300000004
,17.50027777777778,39.399887,116.582,5090.0,315.45277200000004
,17.50138888888889,39.397644,116.588974,5060.0,315.7443180000001
,17.5025,39.395958,116.59668,5030.0,334.79199
,17.503611111111113,39.393993,116.60328,5030.0,295.6762350000001
,17.504722222222224,39.39203,116.61062,5000.0,324.685062
,17.50583333333333,39.390343,116.617584,4970.0,305.10288900000006
,17.50722222222222,39.38866,116.62529,4970.0,334.743399
,17.508333333333333,39.387535,116.63263,4940.0,312.8288580000001
,17.509444444444444,39.38613,116.63997,4910.0,316.13304600000004
,17.510555555555555,39.38445,116.6473,4880.0,319.63159800000005
,17.511666666666667,39.383045,116.65501,4850.0,331.196256
,17.512777777777778,39.38164,116.66198,4820.0,301.16701800000004
,17.514166666666668,39.379955,116.66748,4820.0,247.37678100000002
,17.51527777777778,39.378273,116.67481,4790.0,319.68018900000004
,17.51638888888889,39.37743,116.68436,4750.0,401.896161
,17.5175,39.377148,116.69242,4750.0,337.367313
,17.51861111111111,39.377148,116.6972,4690.0,199.85478300000003
,17.51972222222222,39.377712,116.70416,4660.0,292.61500200000006
,17.520833333333332,39.379955,116.712234,4600.0,358.69876200000004
,17.522222222222222,39.383606,116.72067,4570.0,404.228529
,17.523333333333333,39.387817,116.72801,4510.0,382.16821500000003
,17.524444444444445,39.392307,116.73498,4480.0,379.301346
,17.525555555555556,39.39708,116.74048,4450.0,345.72496500000005
,17.526666666666667,39.402134,116.74599,4420.0,357.4353960000001
,17.52777777777778,39.40775,116.750755,4390.0,363.21772500000003
,17.529166666666665,39.413364,116.75405,4360.0,333.43144200000006
,17.530277777777776,39.41926,116.75772,4330.0,353.88825299999996
,17.531388888888888,39.424873,116.761024,4300.0,333.52862400000004
,17.5325,39.430767,116.76396,4270.0,341.59472999999997
,17.533611111111114,39.4361,116.76689,4240.0,313.36335900000006
,17.534722222222225,39.441998,116.7691,4210.0,332.119485
,17.53611111111111,39.44789,116.77056,4180.0,324.490698
,17.537222222222223,39.45379,116.77093,4150.0,319.53441599999996
,17.538333333333334,39.459682,116.77129,4150.0,319.048506
,17.539444444444445,39.465576,116.77056,4110.0,320.26328100000006
,17.540555555555557,39.471474,116.76983,4080.0,320.506236
,17.541666666666668,39.477367,116.76873,4050.0,322.061148
,17.543055555555558,39.483265,116.76763,4020.0,322.30410300000005
,17.54416666666667,39.488876,116.76689,3990.0,305.054298
,17.54527777777778,39.49449,116.766525,3960.0,304.03388700000005
,17.54638888888889,39.50039,116.76616,3930.0,319.48582500000003
,17.547500000000003,39.506,116.76543,3930.0,304.95711600000004
,17.548611111111114,39.511616,116.76543,3930.0,303.790932
,17.549722222222226,39.51723,116.76506,3900.0,304.08247800000004
,17.551111111111112,39.523125,116.764694,3900.0,319.24287000000004
,17.552222222222223,39.52874,116.76433,3870.0,304.08247800000004
,17.553333333333335,39.534355,116.76396,3870.0,304.1310690000001
,17.554444444444446,39.54025,116.763596,3840.0,319.24287000000004
,17.555555555555557,39.545586,116.76286,3840.0,290.2826340000001
,17.55666666666667,39.55148,116.76249,3810.0,319.19427900000005
,17.558055555555555,39.557095,116.76212,3810.0,304.1310690000001
,17.559166666666666,39.56299,116.76212,3780.0,318.854142
,17.560277777777777,39.568604,116.76176,3780.0,304.03388700000005
,17.56138888888889,39.57422,116.76139,3750.0,304.17966
,17.5625,39.579834,116.76066,3750.0,305.200071
,17.56361111111111,39.585445,116.76029,3720.0,303.88811400000003
,17.565,39.59106,116.76029,3720.0,303.74234100000007
,17.566111111111113,39.596676,116.76029,3720.0,303.790932
,17.56722222222222,39.60201,116.759926,3690.0,288.92208600000004
,17.56833333333333,39.607624,116.75956,3660.0,304.03388700000005
,17.569444444444443,39.612957,116.75919,3660.0,288.87349500000005
,17.570555555555554,39.618855,116.75919,3630.0,319.048506
,17.571666666666665,39.624187,116.75846,3630.0,289.99108800000005
,17.573055555555555,39.629803,116.75846,3600.0,303.790932
,17.574166666666667,39.635418,116.75809,3600.0,304.1310690000001
,17.575277777777778,39.64103,116.75809,3600.0,303.54797700000006
,17.57638888888889,39.646645,116.75809,3600.0,303.74234100000007
,17.5775,39.65226,116.75772,3600.0,304.1310690000001
,17.578611111111112,39.657593,116.757355,3600.0,288.87349500000005
,17.58,39.663208,116.757355,3600.0,303.74234100000007
,17.58111111111111,39.668823,116.75699,3600.0,304.08247800000004
,17.58222222222222,39.67444,116.75662,3600.0,304.22825100000006
,17.583333333333332,39.68005,116.75662,3600.0,303.4507950000001
,17.584444444444443,39.685665,116.756256,3600.0,304.08247800000004
,17.585555555555555,39.69128,116.75552,3600.0,305.248662
,17.586944444444445,39.696896,116.75552,3600.0,303.790932
,17.588055555555556,39.70251,116.75516,3600.0,304.03388700000005
,17.589166666666664,39.708126,116.75479,3600.0,304.17966
,17.590277777777775,39.713737,116.75479,3600.0,303.499386
,17.591388888888886,39.719353,116.754425,3600.0,304.17966
,17.592499999999998,39.724968,116.754425,3600.0,303.74234100000007
,17.593888888888888,39.73086,116.75405,3600.0,319.097097
,17.595,39.736477,116.753685,3600.0,304.22825100000006
,17.59611111111111,39.742092,116.753685,3600.0,303.74234100000007
,17.59722222222222,39.747707,116.75295,3600.0,305.248662
,17.598333333333333,39.753323,116.75259,3600.0,304.1310690000001
,17.599444444444444,39.758934,116.75259,3600.0,303.499386
,17.600555555555555,39.76455,116.75222,3600.0,304.17966
,17.601944444444445,39.770164,116.751854,3600.0,304.03388700000005
,17.603055555555557,39.77606,116.751854,3600.0,318.902733
,17.604166666666668,39.781395,116.75149,3600.0,288.970677
,17.60527777777778,39.78729,116.75112,3600.0,319.24287000000004
,17.60638888888889,39.79262,116.750755,3600.0,288.727722
,17.6075,39.79852,116.75039,3600.0,319.48582500000003
,17.60888888888889,39.80413,116.75002,3600.0,303.83952300000004
,17.610000000000003,39.809746,116.74965,3600.0,304.17966
,17.611111111111114,39.81536,116.74928,3600.0,304.03388700000005
,17.612222222222222,39.820976,116.74892,3600.0,304.1310690000001
,17.613333333333333,39.82631,116.74892,3600.0,288.533358
,17.614444444444445,39.831924,116.74855,3600.0,304.03388700000005
,17.615833333333335,39.83754,116.748184,3600.0,304.17966
,17.616944444444446,39.843433,116.74782,3600.0,319.097097
,17.618055555555557,39.84905,116.74782,3600.0,303.83952300000004
,17.61916666666667,39.854664,116.74745,3600.0,304.03388700000005
,17.62027777777778,39.86112,116.747086,3600.0,349.56365400000004
,17.62138888888889,39.867016,116.74635,3600.0,320.36046300000004
,17.622777777777777,39.872627,116.74599,3460.0,303.88811400000003
,17.62388888888889,39.877964,116.74599,3460.0,288.679131
,17.625,39.88358,116.74562,3430.0,304.17966
,17.62611111111111,39.88919,116.74525,3430.0,303.83952300000004
,17.627222222222223,39.894527,116.74488,3400.0,289.11645000000004
,17.628333333333334,39.90042,116.74488,3360.0,318.75696
,17.629444444444445,39.906036,116.744514,3300.0,304.17966
,17.630833333333335,39.91137,116.744514,3300.0,288.533358
,17.631944444444446,39.916985,116.74378,3270.0,305.248662
,17.633055555555558,39.92288,116.74378,3240.0,318.854142
,17.634166666666665,39.92821,116.743416,3210.0,288.679131
,17.635277777777777,39.933548,116.743416,3180.0,288.727722
,17.636388888888888,39.93888,116.74305,3180.0,288.82490400000006
,17.637777777777778,39.944496,116.74305,3120.0,303.790932
,17.63888888888889,39.950108,116.74268,3090.0,303.936705
,17.64,39.955723,116.74195,3060.0,305.248662
,17.641111111111112,39.96162,116.74195,3060.0,318.99991500000004
,17.642222222222223,39.96723,116.741585,3030.0,303.83952300000004
,17.643333333333334,39.97257,116.74048,3030.0,292.46922900000004
,17.64472222222222,39.97818,116.73901,3000.0,309.52467
,17.645833333333332,39.983234,116.73571,3000.0,305.68598099999997
,17.646944444444443,39.988007,116.73204,3000.0,299.660697
,17.648055555555555,39.9925,116.72764,3000.0,303.83952300000004
,17.649166666666666,39.99643,116.72287,3000.0,290.2826340000001
,17.650277777777777,39.998394,116.714806,3000.0,350.63265600000005
,17.651666666666664,40.0012,116.70783,3000.0,326.48292900000007
,17.652777777777775,40.00401,116.701965,3000.0,286.638309
,17.653888888888886,40.007095,116.69609,3000.0,295.14173400000004
,17.654999999999998,40.010185,116.69022,3000.0,295.093143
,17.65611111111111,40.012993,116.68509,2970.0,261.225216
,17.65722222222222,40.01608,116.679955,3000.0,270.457506
,17.65833333333333,40.01917,116.67481,3000.0,270.84623400000004
,17.65972222222222,40.022255,116.66968,3000.0,270.21455100000003
,17.660833333333333,40.025345,116.66454,3000.0,270.700461
,17.661944444444444,40.028152,116.65574,3000.0,394.85046600000004
,17.663055555555555,40.03152,116.65024,3000.0,291.691773
,17.664166666666667,40.03489,116.645836,3000.0,257.872437
,17.665277777777778,40.037697,116.6418,3000.0,225.80237700000004
,17.666666666666668,40.041065,116.63703,3030.0,268.70823000000007
,17.66777777777778,40.04415,116.63263,3000.0,247.085235
,17.66888888888889,40.04724,116.62823,3000.0,247.23100800000003
,17.67,40.050327,116.623825,3000.0,247.27959900000002
,17.671111111111113,40.053135,116.61942,3000.0,237.36703500000002
,17.672222222222224,40.056225,116.614655,3000.0,258.55271100000004
,17.67361111111111,40.059032,116.61062,3000.0,225.75378600000002
,17.674722222222222,40.06212,116.60585,3000.0,258.649893
,17.675833333333333,40.06521,116.59851,3000.0,346.79396700000007
,17.676944444444445,40.068577,116.59374,3000.0,268.61104800000004
,17.678055555555556,40.071102,116.59007,3000.0,204.27656400000004
,17.679444444444446,40.07419,116.58494,3000.0,270.16596000000004
,17.680555555555557,40.076157,116.581635,2970.0,173.32409700000002
,17.68166666666667,40.07896,116.5776,2970.0,225.55942200000004
,17.68277777777778,40.08149,116.57356,2940.0,216.084177
,17.683888888888887,40.084297,116.5699,2910.0,214.48067400000002
,17.685,40.086823,116.565865,2910.0,215.74404000000004
,17.68638888888889,40.08963,116.56183,2850.0,225.70519500000003
,17.6875,40.092438,116.55779,2820.0,225.85096800000002
,17.68861111111111,40.095245,116.55376,2790.0,225.51083100000002
,17.689722222222223,40.098053,116.55009,2760.0,214.77222000000003
,17.690833333333334,40.10086,116.54605,2760.0,225.80237700000004
,17.691944444444445,40.103664,116.54165,2720.0,236.929716
,17.693333333333335,40.106472,116.53761,2690.0,225.85096800000002
,17.694444444444446,40.10928,116.53321,2660.0,237.07548900000003
,17.695555555555554,40.112087,116.529175,2630.0,225.65660400000002
,17.696666666666665,40.114895,116.52477,2600.0,237.22126200000002
,17.697777777777777,40.117985,116.52148,2570.0,215.54967600000003
,17.698888888888888,40.12079,116.51744,2570.0,225.70519500000003
,17.7,40.123596,116.51304,2540.0,236.97830700000003
,17.70138888888889,40.126404,116.50864,2510.0,237.02689800000002
,17.7025,40.12921,116.5046,2480.0,225.75378600000002
,17.703611111111112,40.1323,116.5002,2450.0,247.085235
,17.704722222222223,40.134827,116.4958,2420.0,227.60024400000003
,17.70583333333333,40.137913,116.49213,2390.0,225.60801300000003
,17.706944444444442,40.14072,116.48809,2330.0,225.75378600000002
,17.708333333333332,40.14409,116.484055,2300.0,247.13382600000006
,17.709444444444443,40.14746,116.480385,2270.0,237.172671
,17.710555555555555,40.151108,116.47709,2240.0,239.79658500000002
,17.711666666666666,40.15588,116.47562,2240.0,265.161087
,17.712777777777777,40.160374,116.47452,2210.0,247.27959900000002
,17.71388888888889,40.165146,116.47342,2180.0,262.099854
,17.71527777777778,40.169918,116.47305,2150.0,258.55271100000004
,17.71638888888889,40.17469,116.47231,2120.0,259.91325900000004
,17.717499999999998,40.17918,116.47158,2120.0,244.75286700000004
,17.71861111111111,40.183674,116.47085,2120.0,244.94723100000002
,17.71972222222222,40.188446,116.46975,2120.0,262.099854
,17.72083333333333,40.192936,116.46865,2120.0,247.085235
,17.72222222222222,40.19743,116.467545,2080.0,247.32819000000003
,17.723333333333333,40.20192,116.466446,2080.0,247.085235
,17.724444444444444,40.20641,116.46498,2080.0,250.29224100000002
,17.725555555555555,40.210903,116.46388,2050.0,247.23100800000003
,17.726666666666667,40.215393,116.462776,2050.0,247.13382600000006
,17.727777777777778,40.219604,116.46131,2020.0,235.66635000000002
,17.728888888888886,40.2241,116.45985,1990.0,250.535196
,17.730277777777776,40.22859,116.45874,1960.0,247.18241700000004
,17.731388888888887,40.23308,116.45764,1930.0,247.085235
,17.732499999999998,40.23729,116.45618,1900.0,235.56916800000002
,17.733611111111113,40.2415,116.454704,1870.0,235.714941
,17.734722222222224,40.245995,116.45324,1870.0,250.535196
,17.735833333333336,40.250484,116.45214,1840.0,247.036644
,17.737222222222222,40.25498,116.45104,1810.0,247.37678100000002
,17.738333333333333,40.259186,116.450676,1810.0,227.98897200000005
,17.739444444444445,40.263397,116.450676,1780.0,227.79460800000004
,17.740555555555556,40.26789,116.4503,1750.0,243.538092
,17.741666666666667,40.27238,116.4503,1720.0,242.857818
,17.74277777777778,40.276875,116.449936,1690.0,243.586683
,17.74416666666667,40.281364,116.449936,1690.0,242.809227
,17.74527777777778,40.285576,116.44957,1660.0,228.329109
,17.74638888888889,40.289787,116.4492,1630.0,228.28051800000003
,17.747500000000002,40.294277,116.44884,1600.0,243.34372800000003
,17.748611111111114,40.29877,116.44847,1570.0,243.48950100000002
,17.749722222222225,40.30326,116.44774,1570.0,244.75286700000004
,17.75111111111111,40.307472,116.44737,1540.0,228.329109
,17.752222222222223,40.311962,116.44701,1510.0,243.34372800000003
,17.753333333333334,40.316174,116.44664,1510.0,228.329109
,17.754444444444445,40.320107,116.44664,1510.0,212.73139800000004
,17.755555555555556,40.324596,116.44701,1510.0,243.29513700000004
,17.756666666666668,40.328526,116.44884,1510.0,225.55942200000004
,17.75777777777778,40.33246,116.450676,1510.0,225.85096800000002
,17.759166666666665,40.335827,116.45397,1510.0,227.21151600000005
,17.760277777777777,40.338634,116.45764,1510.0,214.38349200000002
,17.761388888888888,40.340878,116.46241,1510.0,231.09879600000002
,17.7625,40.342842,116.46718,1510.0,223.51860000000002
,17.76361111111111,40.344246,116.47269,1510.0,239.50503900000004
,17.764722222222222,40.34537,116.47782,1510.0,220.06863900000002
,17.766111111111112,40.346493,116.482956,1510.0,220.263003
,17.76722222222222,40.347336,116.487724,1510.0,201.798423
,17.76833333333333,40.34874,116.49249,1510.0,210.641985
,17.769444444444442,40.349583,116.49726,1510.0,201.84701400000003
,17.770555555555553,40.35042,116.502396,1510.0,216.52149600000004
,17.771666666666665,40.349583,116.507164,1510.0,201.70124100000004
,17.773055555555555,40.34902,116.51231,1510.0,214.33490100000003
,17.774166666666666,40.347054,116.516335,1510.0,197.08509600000002
,17.775277777777777,40.343967,116.52037,1510.0,235.714941
,17.77638888888889,40.3406,116.522575,1510.0,203.54769900000002
,17.7775,40.33751,116.52551,1510.0,206.36597700000002
,17.77861111111111,40.3347,116.528076,1470.0,185.18030100000001
,17.779999999999998,40.331615,116.53065,1440.0,197.76537
,17.78111111111111,40.328808,116.532845,1440.0,176.77405800000003
,17.78222222222222,40.325718,116.53468,1410.0,183.479616
,17.783333333333335,40.32263,116.536514,1380.0,183.38243400000002
,17.784444444444446,40.319542,116.53761,1350.0,173.032551
,17.785555555555558,40.316174,116.538345,1350.0,184.694391
,17.78666666666667,40.313087,116.53872,1320.0,167.68754100000004
,17.78805555555556,40.30972,116.539085,1260.0,182.750751
,17.789166666666667,40.30663,116.53945,1260.0,167.83331400000003
,17.790277777777778,40.303543,116.53982,1230.0,167.68754100000004
,17.79138888888889,40.300175,116.54055,1200.0,184.6458
,17.7925,40.296806,116.54092,1200.0,182.847933
,17.79361111111111,40.293438,116.54092,1170.0,182.16765900000004
,17.795,40.290066,116.54165,1170.0,184.888755
,17.796111111111113,40.28642,116.54238,1140.0,199.51464600000003
,17.797222222222224,40.28277,116.54312,1110.0,199.75760100000002
,17.798333333333336,40.279118,116.54349,1080.0,198.154098
,17.799444444444447,40.27547,116.54422,1050.0,199.611828
,17.800555555555555,40.27182,116.544586,1050.0,198.008325
,17.801944444444445,40.26845,116.54532,1020.0,184.79157300000003
,17.803055555555556,40.2648,116.545685,990.0,198.008325
,17.804166666666667,40.261154,116.54642,990.0,199.51464600000003
,17.80527777777778,40.257504,116.54678,960.0,198.008325
,17.80638888888889,40.254135,116.54715,930.0,182.896524
,17.8075,40.250484,116.54752,930.0,198.05691600000003
,17.80888888888889,40.2474,116.548256,900.0,169.58259
,17.810000000000002,40.24403,116.54899,870.0,184.79157300000003
,17.811111111111114,40.24094,116.549355,870.0,167.83331400000003
,17.81222222222222,40.237854,116.55009,830.0,169.67977200000004
,17.813333333333333,40.234764,116.55045,830.0,167.784723
,17.814444444444444,40.231396,116.55082,800.0,182.799342
,17.815555555555555,40.22831,116.551186,800.0,167.590359
,17.816944444444445,40.22522,116.55155,770.0,167.83331400000003
,17.818055555555556,40.22185,116.55229,740.0,184.84016400000002
,17.819166666666668,40.21876,116.55266,710.0,167.83331400000003
,17.82027777777778,40.215675,116.553024,710.0,167.54176800000002
,17.82138888888889,40.212307,116.55339,680.0,182.799342
,17.822499999999998,40.2095,116.55412,680.0,154.81092600000002
,17.823888888888888,40.20669,116.554855,650.0,155.00529000000003
,17.825,40.203606,116.55522,620.0,167.49317700000003
,17.82611111111111,40.201077,116.55559,620.0,137.65830300000002
,17.827222222222222,40.19827,116.555954,620.0,152.57574000000002
,17.828333333333333,40.195744,116.55633,590.0,137.51253
,17.829444444444444,40.19322,116.55633,590.0,136.54071000000002
,17.830833333333334,40.19069,116.55706,560.0,140.136444
,17.831944444444446,40.188164,116.55743,560.0,137.463939
,17.833055555555557,40.18564,116.55779,530.0,137.31816600000002
,17.834166666666665,40.18311,116.55816,530.0,137.706894
,17.835277777777776,40.180584,116.558525,500.0,137.463939
,17.836388888888887,40.178337,116.55889,500.0,122.497911
,17.837777777777777,40.17581,116.55962,500.0,139.99067100000002
,17.83888888888889,40.173004,116.55962,470.0,151.79828400000002
,17.84,40.17076,116.560356,470.0,125.12182500000002
,17.84111111111111,40.167953,116.56073,440.0,152.624331
,17.842222222222222,40.165424,116.5611,410.0,137.65830300000002
,17.843333333333334,40.1629,116.56146,410.0,137.31816600000002
,17.844444444444445,40.160652,116.56146,380.0,121.574682
,17.84583333333333,40.157845,116.56183,380.0,152.624331
,17.846944444444443,40.1556,116.56256,350.0,125.12182500000002
,17.848055555555554,40.152794,116.56293,350.0,152.527149
,17.849166666666665,40.150265,116.56366,320.0,140.08785300000002
,17.85027777777778,40.14774,116.564026,320.0,137.41534800000002
,17.85138888888889,40.145214,116.564026,320.0,136.63789200000002
,17.852777777777778,40.142685,116.56439,290.0,137.609712
,17.85388888888889,40.14016,116.56476,290.0,137.41534800000002
,17.855,40.137634,116.56513,260.0,137.51253
,17.85611111111111,40.13511,116.5655,260.0,137.366757
,17.857222222222223,40.13258,116.565865,230.0,137.65830300000002
,17.858333333333334,40.129772,116.56623,230.0,152.624331
,17.859722222222224,40.127247,116.5666,190.0,137.41534800000002
,17.860833333333336,40.12472,116.56733,190.0,139.99067100000002
,17.861944444444447,40.122475,116.56733,160.0,121.428909
,17.863055555555558,40.11995,116.567696,160.0,137.41534800000002
,17.86416666666667,40.11742,116.56806,160.0,137.65830300000002
,17.86527777777778,40.114895,116.56843,130.0,137.41534800000002
,17.866666666666667,40.11237,116.568794,100.0,137.41534800000002
,17.86777777777778,40.109562,116.56916,100.0,152.624331
