319,EPA6216054,B733,A,ZGSZ,ZBAA,36R       
,4.901111111111112,34.318203,114.541595,10090.0,355.10302800000005
,4.902222222222223,34.32606,114.5504,10090.0,579.107538
,4.903333333333333,34.33757,114.53463,10090.0,940.0900770000001
,4.904444444444445,34.347397,114.516655,10090.0,962.8306650000002
,4.905555555555556,34.35582,114.532425,10090.0,838.7778420000001
,4.906666666666667,34.362556,114.53426,10090.0,373.47042600000003
,4.908055555555556,34.36845,114.54086,10090.0,434.160585
,4.909166666666667,34.37659,114.53426,10090.0,529.787673
,4.910277777777778,34.385574,114.5394,10090.0,537.4164600000001
,4.911388888888889,34.3954,114.54196,10090.0,543.636108
,4.9125000000000005,34.404385,114.5405,10090.0,490.3803720000001
,4.913611111111112,34.413647,114.54123,10090.0,502.042212
,4.915,34.42207,114.5427,10090.0,460.30254300000007
,4.916111111111111,34.430492,114.53683,10090.0,525.463074
,4.917222222222223,34.438633,114.530594,10090.0,520.89552
,4.918333333333334,34.446774,114.541595,10090.0,659.3312790000001
,4.919444444444445,34.455196,114.54417,10090.0,469.8263790000001
,4.920555555555556,34.463615,114.54453,10090.0,455.68639800000005
,4.921944444444445,34.470634,114.5504,10090.0,461.1771810000001
,4.923055555555556,34.478775,114.551506,10090.0,443.1013290000001
,4.924166666666667,34.48832,114.547104,10090.0,552.3338970000001
,4.925277777777778,34.497303,114.5438,10090.0,507.72735900000004
,4.926388888888889,34.505726,114.5438,10090.0,455.5892160000001
,4.9275,34.513866,114.54563,10090.0,447.814656
,4.9286111111111115,34.52229,114.54747,10090.0,462.975048
,4.930000000000001,34.53043,114.54857,10090.0,443.00414700000005
,4.931111111111111,34.538853,114.548935,10090.0,455.88076200000006
,4.932222222222222,34.546993,114.5504,10090.0,445.09356
,4.933333333333334,34.555412,114.551506,10090.0,458.067357
,4.934444444444445,34.564117,114.5537,10090.0,480.90512700000005
,4.935555555555556,34.572258,114.555534,10090.0,447.863247
,4.936944444444444,34.5804,114.558105,10090.0,455.05471500000004
,4.938055555555556,34.58882,114.55994,10090.0,462.7320930000001
,4.939166666666667,34.59724,114.56141,10090.0,460.108179
,4.940277777777778,34.605385,114.56251,10090.0,443.2956930000001
,4.9413888888888895,34.613804,114.56141,10090.0,458.0187660000001
,4.9425,34.622227,114.56141,10090.0,455.5892160000001
,4.943888888888889,34.63065,114.56251,10090.0,458.21313
,4.945,34.63879,114.56434,10090.0,447.766065
,4.946111111111112,34.647213,114.562874,10090.0,460.253952
,4.947222222222223,34.655632,114.56214,10090.0,456.56103600000006
,4.948333333333333,34.664055,114.56324,10090.0,458.21313
,4.9494444444444445,34.672195,114.56361,10090.0,440.623188
,4.950833333333334,34.68062,114.56691,10090.0,478.767123
,4.951944444444445,34.689037,114.568375,10090.0,459.91381500000006
,4.953055555555555,34.69746,114.57021,10090.0,462.87786600000004
,4.954166666666667,34.705883,114.572044,10090.0,462.82927500000005
,4.955277777777778,34.714306,114.574615,10090.0,469.729197
,4.956388888888889,34.722446,114.57645,10090.0,447.814656
,4.9575000000000005,34.730865,114.579384,10090.0,473.713659
,4.958888888888889,34.73901,114.58048,10090.0,443.24710200000004
,4.96,34.74743,114.57975,10090.0,456.60962700000005
,4.961111111111111,34.75585,114.58085,10090.0,458.067357
,4.9622222222222225,34.764275,114.581955,10090.0,458.35890300000005
,4.963333333333334,34.772415,114.58232,10090.0,440.623188
,4.964444444444444,34.780838,114.58415,10090.0,462.82927500000005
,4.965833333333333,34.78898,114.59076,10090.0,529.350354
,4.966944444444445,34.797398,114.59076,10090.0,455.346261
,4.968055555555556,34.806103,114.590385,10090.0,471.13833600000004
,4.969166666666667,34.81452,114.592224,10090.0,462.537729
,4.970277777777778,34.822945,114.59369,10090.0,460.351134
,4.971388888888889,34.831367,114.59626,10090.0,469.6320150000001
,4.972777777777778,34.83979,114.59553,10090.0,456.75540000000007
,4.973888888888889,34.84793,114.59516,10090.0,440.623188
,4.9750000000000005,34.85635,114.59479,10090.0,455.73498900000004
,4.976111111111111,34.864773,114.59442,10090.0,455.92935300000005
,4.977222222222222,34.873196,114.59442,10090.0,455.5892160000001
,4.9783333333333335,34.881336,114.59809,10090.0,469.4376510000001
,4.979722222222223,34.88976,114.59846,10090.0,455.9779440000001
,4.980833333333334,34.89818,114.595894,10090.0,469.4376510000001
,4.981944444444444,34.9066,114.59553,10090.0,455.73498900000004
,4.983055555555556,34.915024,114.59846,10090.0,473.859432
,4.984166666666667,34.923164,114.60066,10090.0,450.97307100000006
,4.985277777777778,34.931587,114.60286,10090.0,465.93909900000006
,4.986666666666666,34.940006,114.606895,10090.0,489.262779
,4.987777777777778,34.94843,114.611664,10090.0,502.3337580000001
,4.988888888888889,34.95657,114.61643,10090.0,488.38814100000013
,4.99,34.964993,114.61864,10090.0,466.03628100000003
,4.9911111111111115,34.973415,114.6201,10090.0,460.108179
,4.992222222222222,34.981834,114.61864,10090.0,459.962406
,4.993333333333333,34.990257,114.61717,10090.0,460.253952
,4.994722222222222,34.998398,114.61533,10090.0,447.863247
,4.995833333333334,35.00682,114.61314,10090.0,465.79332600000004
,4.996944444444445,35.01496,114.61203,10090.0,443.05273800000003
,4.998055555555555,35.023384,114.61203,10090.0,455.68639800000005
,4.9991666666666665,35.031525,114.6135,10090.0,445.14215100000007
,5.000277777777778,35.039944,114.616066,10090.0,469.340469
,5.001666666666667,35.048367,114.61717,10090.0,458.21313
,5.002777777777778,35.05679,114.61754,10090.0,455.92935300000005
,5.003888888888889,35.065212,114.6168,10090.0,456.75540000000007
,5.005,35.073353,114.61643,10090.0,440.6717790000001
,5.006111111111111,35.08177,114.616066,10090.0,455.5892160000001
,5.0072222222222225,35.090195,114.6157,10090.0,456.026535
,5.008611111111111,35.098618,114.61643,10090.0,456.75540000000007
,5.009722222222222,35.10704,114.619,10090.0,469.5348330000001
,5.010833333333333,35.11518,114.62194,10090.0,459.136359
,5.0119444444444445,35.1236,114.62377,10090.0,462.58632
,5.013055555555556,35.131744,114.62414,10090.0,440.81755200000003
,5.014166666666667,35.140163,114.62377,10090.0,455.68639800000005
,5.015555555555555,35.148586,114.62487,10090.0,458.21313
,5.016666666666667,35.15701,114.62891,10090.0,489.4571430000001
,5.017777777777778,35.16515,114.63478,10090.0,511.1287290000001
,5.018888888888889,35.173573,114.63808,10090.0,478.42698600000006
,5.02,35.181713,114.64248,10090.0,481.3424460000001
,5.021111111111111,35.190132,114.63955,10090.0,473.47070400000007
,5.022222222222222,35.198273,114.63404,10090.0,503.2083960000001
,5.023611111111111,35.206417,114.63661,10090.0,454.9089420000001
,5.0247222222222225,35.21512,114.644684,10090.0,590.7207870000001
,5.025833333333333,35.22326,114.64982,10090.0,495.33665400000007
,5.026944444444444,35.2314,114.65128,10090.0,444.996378
,5.0280555555555555,35.239822,114.65239,10090.0,458.16453900000005
,5.029166666666667,35.248245,114.65312,10090.0,456.75540000000007
,5.030555555555556,35.256664,114.65422,10090.0,457.97017500000004
,5.031666666666666,35.265087,114.653854,10090.0,455.88076200000006
,5.032777777777778,35.273228,114.65459,10090.0,441.546417
,5.033888888888889,35.28165,114.65459,10090.0,455.54062500000003
,5.035,35.290073,114.653854,10090.0,456.75540000000007
,5.036111111111111,35.298492,114.653854,10090.0,455.39485200000007
,5.0375,35.306633,114.65422,10090.0,440.6717790000001
,5.038611111111111,35.315056,114.65642,10090.0,465.8419170000001
,5.039722222222222,35.32348,114.657524,10090.0,458.2617210000001
,5.0408333333333335,35.3319,114.659355,10090.0,462.537729
,5.041944444444444,35.340042,114.66082,10090.0,445.14215100000007
,5.043055555555555,35.34846,114.663025,10090.0,465.59896200000003
,5.0441666666666665,35.356884,114.66412,10090.0,458.21313
,5.045555555555556,35.365025,114.66412,10090.0,440.38023300000003
,5.046666666666667,35.373447,114.66412,10090.0,455.54062500000003
,5.047777777777777,35.38187,114.67,10090.0,524.2482990000001
,5.0488888888888885,35.39001,114.672195,10090.0,450.82729800000004
,5.05,35.39815,114.6711,10090.0,442.955556
,5.051111111111111,35.406574,114.67146,10090.0,455.92935300000005
,5.0525,35.414993,114.67183,10090.0,455.68639800000005
,5.053611111111111,35.423134,114.67183,10090.0,440.38023300000003
,5.054722222222222,35.431557,114.672195,10090.0,455.88076200000006
,5.055833333333333,35.43998,114.67366,10090.0,460.15677
,5.0569444444444445,35.44812,114.67477,10090.0,443.00414700000005
,5.058055555555556,35.456543,114.6755,10090.0,456.75540000000007
,5.059444444444444,35.464962,114.6788,10090.0,478.03825800000004
,5.060555555555555,35.476475,114.68063,10090.0,627.941493
,5.0616666666666665,35.482086,114.682465,10090.0,314.09222400000004
,5.062777777777778,35.49051,114.68467,10090.0,465.890508
,5.063888888888889,35.49893,114.68761,10090.0,473.47070400000007
,5.065277777777777,35.507355,114.68907,10090.0,460.253952
,5.066388888888889,35.515774,114.68907,10090.0,455.39485200000007
,5.0675,35.523914,114.68944,10090.0,440.623188
,5.068611111111111,35.532337,114.68907,10090.0,455.88076200000006
,5.069722222222222,35.540478,114.6909,10090.0,447.668883
,5.070833333333333,35.5489,114.69274,10090.0,462.68350200000003
,5.072222222222222,35.557323,114.69421,10090.0,460.15677
,5.073333333333333,35.565742,114.69457,10090.0,455.68639800000005
,5.0744444444444445,35.574165,114.69457,10090.0,455.5892160000001
,5.075555555555555,35.58259,114.69494,10090.0,456.026535
,5.076666666666666,35.59073,114.69604,10090.0,442.955556
,5.0777777777777775,35.59943,114.69824,10090.0,480.41921700000006
,5.079166666666667,35.60757,114.698975,10090.0,441.49782600000003
,5.080277777777778,35.615993,114.70044,10090.0,460.15677
,5.081388888888888,35.624416,114.70191,10090.0,460.15677
,5.0825,35.632835,114.70374,10090.0,462.44054700000004
,5.083611111111111,35.64126,114.704475,10090.0,456.8525820000001
,5.084722222222222,35.64968,114.70484,10090.0,455.73498900000004
,5.086111111111111,35.658104,114.70558,10090.0,456.80399100000005
,5.087222222222222,35.666523,114.70484,10090.0,456.56103600000006
,5.088333333333333,35.674946,114.704475,10090.0,455.88076200000006
,5.089444444444444,35.683086,114.70411,10090.0,440.57459700000004
,5.0905555555555555,35.691788,114.70741,10090.0,492.51837600000005
,5.091666666666667,35.699932,114.70962,10090.0,451.07025300000004
,5.092777777777777,35.70835,114.71218,10090.0,469.000332
,5.094166666666666,35.717056,114.71402,10090.0,477.795303
,5.095277777777778,35.725475,114.71475,10090.0,456.512445
,5.096388888888889,35.7339,114.71512,10090.0,456.026535
,5.0975,35.74232,114.71512,10090.0,455.44344300000006
,5.0986111111111105,35.75046,114.71658,10090.0,444.94778700000006
,5.099722222222222,35.759163,114.71768,10090.0,473.227749
,5.101111111111111,35.767586,114.71842,10090.0,456.75540000000007
,5.102222222222222,35.77601,114.719154,10090.0,456.80399100000005
,5.103333333333333,35.784428,114.71879,10090.0,455.637807
,5.104444444444444,35.79285,114.719154,10090.0,455.8321710000001
,5.105555555555555,35.801273,114.72245,10090.0,477.98966700000005
,5.1066666666666665,35.809692,114.72319,10090.0,456.56103600000006
,5.108055555555556,35.818115,114.72575,10090.0,469.24328700000007
,5.109166666666666,35.826817,114.72723,10090.0,475.17138900000003
,5.110277777777777,35.83524,114.72759,10090.0,455.88076200000006
,5.1113888888888885,35.843662,114.72979,10090.0,465.6475530000001
,5.1125,35.852085,114.73163,10090.0,462.68350200000003
,5.113611111111111,35.860504,114.73309,10090.0,459.865224
,5.114999999999999,35.868927,114.73419,10090.0,458.16453900000005
,5.116111111111111,35.87735,114.73456,10090.0,455.88076200000006
,5.117222222222222,35.88577,114.73676,10090.0,465.55037100000004
,5.118333333333333,35.89419,114.738594,10090.0,462.489138
,5.1194444444444445,35.902893,114.74006,10090.0,475.12279800000005
,5.120555555555555,35.911316,114.73969,10090.0,455.88076200000006
,5.121666666666666,35.91974,114.74006,10090.0,455.92935300000005
,5.123055555555555,35.92816,114.7408,10090.0,456.60962700000005
,5.1241666666666665,35.93658,114.7419,10090.0,457.97017500000004
,5.125277777777777,35.945004,114.74373,10090.0,462.63491100000005
,5.126388888888888,35.953705,114.74703,10090.0,492.3240120000001
,5.1274999999999995,35.962128,114.7485,10090.0,460.15677
,5.128611111111111,35.97055,114.74886,10090.0,455.8321710000001
,5.13,35.97897,114.74924,10090.0,455.73498900000004
,5.13111111111111,35.987392,114.74997,10090.0,456.658218
,5.132222222222222,35.995815,114.75107,10090.0,458.16453900000005
,5.133333333333334,36.00424,114.7518,10090.0,456.8525820000001
,5.134444444444445,36.012657,114.7529,10090.0,457.8244020000001
,5.135555555555556,36.02108,114.75474,10090.0,462.68350200000003
,5.1369444444444445,36.029503,114.7562,10090.0,460.059588
,5.138055555555556,36.03792,114.75767,10090.0,459.8166330000001
,5.139166666666667,36.046627,114.76097,10090.0,492.6155580000001
,5.140277777777778,36.055046,114.7617,10090.0,456.512445
,5.14138888888889,36.06375,114.76244,10090.0,471.915792
,5.1425,36.07217,114.764275,10090.0,462.44054700000004
,5.143888888888889,36.080593,114.76574,10090.0,460.108179
,5.1450000000000005,36.089016,114.76647,10090.0,456.706809
,5.146111111111112,36.09744,114.76831,10090.0,462.68350200000003
,5.147222222222223,36.105858,114.77125,10090.0,473.13056700000004
,5.148333333333333,36.11428,114.77198,10090.0,456.658218
,5.149444444444445,36.122704,114.771614,10090.0,455.92935300000005
,5.150555555555556,36.131123,114.77125,10090.0,455.68639800000005
,5.151944444444445,36.139267,114.77198,10090.0,441.69219000000004
,5.1530555555555555,36.147408,114.77308,10090.0,442.955556
,5.154166666666667,36.155827,114.775276,10090.0,465.404598
,5.155277777777778,36.16425,114.77785,10090.0,469.29187800000005
,5.156388888888889,36.172672,114.77968,10090.0,462.489138
,5.157500000000001,36.181095,114.78042,10090.0,456.75540000000007
,5.158888888888889,36.189514,114.78188,10090.0,459.8166330000001
,5.16,36.197937,114.78225,10090.0,455.88076200000006
,5.161111111111111,36.206078,114.78408,10090.0,447.5231100000001
,5.162222222222223,36.21478,114.78555,10090.0,475.07420700000006
,5.163333333333334,36.222923,114.78592,10090.0,440.76896100000005
,5.164444444444444,36.231342,114.78665,10090.0,456.512445
,5.1658333333333335,36.239765,114.78702,10090.0,455.88076200000006
,5.166944444444445,36.247906,114.78848,10090.0,444.94778700000006
,5.168055555555556,36.256046,114.78848,10090.0,440.28305100000006
,5.169166666666667,36.26447,114.78959,10090.0,458.21313
,5.170277777777778,36.27261,114.79142,10090.0,447.47451900000004
,5.171388888888889,36.281033,114.79215,10090.0,456.706809
,5.172777777777778,36.289173,114.79436,10090.0,450.73011600000007
,5.173888888888889,36.297874,114.79619,10090.0,477.3579840000001
,5.175000000000001,36.306015,114.796555,10090.0,440.623188
,5.176111111111111,36.314156,114.79839,10090.0,447.571701
,5.177222222222222,36.32258,114.800224,10090.0,462.63491100000005
,5.178333333333334,36.331844,114.79729,10090.0,517.1540130000001
,5.179444444444445,36.340824,114.79729,10090.0,485.715636
,5.180833333333334,36.34953,114.80243,10090.0,521.430021
,5.1819444444444445,36.359074,114.80426,10090.0,522.35325
,5.183055555555556,36.36581,114.81049,10090.0,454.32585000000006
,5.184166666666667,36.373108,114.816,10090.0,462.00322800000004
,5.185277777777778,36.383778,114.81416,10090.0,582.7032720000001
,5.186388888888889,36.391636,114.81893,10090.0,473.08197600000005
,5.187777777777778,36.39781,114.82554,10090.0,440.8661430000001
,5.188888888888889,36.40792,114.82664,10090.0,548.932527
,5.19,36.414936,114.835075,10090.0,528.038397
,5.191111111111112,36.418587,114.849014,10090.0,638.0484210000001
,5.192222222222222,36.425045,114.85635,10090.0,473.27634000000006
,5.193333333333333,36.437397,114.854515,10090.0,672.8881680000001
,5.1947222222222225,36.444134,114.86112,10090.0,464.092641
,5.195833333333334,36.45059,114.869194,10090.0,495.33665400000007
,5.196944444444445,36.45873,114.87323,10090.0,474.00520500000005
,5.198055555555555,36.467712,114.87616,10090.0,502.28516700000006
,5.199166666666667,36.476418,114.87946,10090.0,492.3240120000001
,5.200277777777778,36.48624,114.88093,10090.0,535.132683
,5.201666666666667,36.494946,114.883865,10090.0,487.90223100000003
,5.202777777777778,36.502525,114.88863,10090.0,459.33072300000003
,5.203888888888889,36.50954,114.894875,10090.0,466.57078200000007
,5.205,36.517403,114.90111,10090.0,504.3745800000001
,5.206111111111111,36.52526,114.905876,10090.0,472.79043
,5.207222222222223,36.533123,114.91138,10090.0,487.99941300000006
,5.208333333333334,36.54042,114.917984,10090.0,488.048004
,5.209722222222222,36.54744,114.923485,10090.0,448.689294
,5.210833333333333,36.55502,114.928986,10090.0,474.588297
,5.211944444444445,36.563442,114.932655,10090.0,482.654403
,5.213055555555556,36.571583,114.93669,10090.0,473.95661400000006
,5.214166666666667,36.580284,114.939995,10090.0,492.081057
,5.215277777777778,36.58758,114.945496,10090.0,461.32295400000004
,5.216666666666667,36.594883,114.9521,10090.0,488.193777
,5.217777777777778,36.602463,114.9587,10090.0,500.24434500000007
,5.218888888888889,36.60976,114.96494,10090.0,478.767123
,5.22,36.6179,114.97008,10090.0,493.6359690000001
,5.221111111111111,36.626606,114.97154,10090.0,475.17138900000003
,5.222222222222222,36.635025,114.97411,10090.0,468.85455900000005
,5.223611111111111,36.643166,114.97888,10090.0,486.5902740000001
,5.224722222222223,36.651306,114.98438,10090.0,500.82743700000003
,5.225833333333333,36.658886,114.98988,10090.0,474.393933
,5.226944444444444,36.665627,114.996124,10090.0,454.277259
,5.228055555555556,36.672924,115.00199,10090.0,469.6320150000001
,5.229166666666667,36.680504,115.007126,10090.0,466.61937300000005
,5.230555555555556,36.688927,115.01043,10090.0,477.60093900000004
,5.2316666666666665,36.697628,115.0141,10090.0,496.842975
,5.232777777777778,36.705486,115.0185,10090.0,465.93909900000006
,5.233888888888889,36.71335,115.02327,10090.0,472.9847940000001
,5.235,36.720646,115.028404,10090.0,453.111075
,5.236111111111112,36.728508,115.03354,10090.0,480.03048900000005
,5.237222222222222,36.73665,115.03831,10090.0,486.5416830000001
,5.238611111111111,36.744507,115.04271,10090.0,465.8419170000001
,5.239722222222222,36.75181,115.04822,10090.0,461.6145
,5.240833333333334,36.759106,115.05335,10090.0,452.96530200000007
,5.241944444444444,36.765842,115.063255,10090.0,563.0239170000001
,5.243055555555555,36.773422,115.06839,10090.0,466.47360000000003
,5.244166666666667,36.782127,115.072426,10090.0,502.28516700000006
,5.245555555555556,36.789986,115.07683,10090.0,465.93909900000006
,5.246666666666667,36.798126,115.0816,10090.0,486.347319
,5.247777777777777,36.806267,115.08563,10090.0,473.6650680000001
,5.248888888888889,36.81413,115.091866,10090.0,503.7914880000001
,5.25,36.821426,115.09811,10090.0,478.37839500000007
,5.251111111111111,36.82929,115.102875,10090.0,472.79043
,5.2525,36.836586,115.10911,10090.0,478.1354400000001
,5.253611111111111,36.843887,115.11498,10090.0,469.6320150000001
,5.254722222222222,36.851463,115.12012,10090.0,466.279236
,5.255833333333333,36.859608,115.12342,10090.0,463.169412
,5.256944444444445,36.867188,115.12929,10090.0,482.31426600000003
,5.258055555555556,36.875046,115.13332,10090.0,459.42790500000007
,5.259444444444444,36.882908,115.13846,10090.0,479.8847160000001
,5.260555555555555,36.890766,115.14286,10090.0,465.74473500000005
,5.261666666666667,36.89863,115.1469,10090.0,459.865224
,5.262777777777778,36.905926,115.15276,10090.0,469.0489230000001
,5.263888888888889,36.913506,115.1579,10090.0,466.42500900000005
,5.265,36.92193,115.161934,10090.0,487.90223100000003
,5.266111111111111,36.929787,115.166336,10090.0,465.69614400000006
,5.2675,36.937927,115.17074,10090.0,479.6903520000001
,5.268611111111111,36.945507,115.17588,10090.0,466.376418
,5.269722222222222,36.953087,115.18065,10090.0,458.941995
,5.270833333333333,36.96095,115.18578,10090.0,479.64176100000003
,5.271944444444444,36.96853,115.191284,10090.0,474.00520500000005
,5.273055555555556,36.97611,115.196785,10090.0,473.95661400000006
,5.274444444444445,36.983967,115.20193,10090.0,479.64176100000003
,5.275555555555555,36.991547,115.20706,10090.0,466.0848720000001
,5.276666666666666,36.999126,115.21293,10090.0,482.07131100000004
,5.277777777777778,37.006706,115.21806,10090.0,466.0848720000001
,5.278888888888889,37.014565,115.22137,10090.0,448.49493000000007
,5.28,37.02271,115.22577,10090.0,479.7875340000001
,5.2813888888888885,37.03029,115.23054,10090.0,458.84481300000004
,5.2825,37.038147,115.23494,10090.0,465.55037100000004
,5.283611111111111,37.046288,115.23934,10090.0,479.59317000000004
,5.284722222222222,37.05415,115.24338,10090.0,459.622269
,5.285833333333334,37.06173,115.24851,10090.0,465.98769000000004
,5.286944444444444,37.069027,115.25328,10090.0,445.19074200000006
,5.288333333333333,37.07689,115.259155,10090.0,495.14229
,5.289444444444444,37.08503,115.26282,10090.0,467.834148
,5.290555555555556,37.09317,115.267586,10090.0,485.95859100000007
,5.291666666666667,37.10075,115.271255,10090.0,439.505595
,5.292777777777777,37.10833,115.276764,10090.0,473.908023
,5.293888888888889,37.115627,115.282265,10090.0,460.545498
,5.295,37.12349,115.2874,10090.0,479.54457900000006
,5.296388888888889,37.131348,115.29107,10090.0,453.5483940000001
,5.2975,37.138645,115.296936,10090.0,468.805968
,5.298611111111111,37.146225,115.30244,10090.0,473.76225000000005
,5.299722222222222,37.154087,115.307205,10090.0,472.30452
,5.300833333333333,37.161945,115.31198,10090.0,472.25592900000004
,5.301944444444445,37.169807,115.31638,10090.0,465.6475530000001
,5.303333333333333,37.177105,115.32115,10090.0,445.09356
,5.304444444444444,37.184685,115.32592,10090.0,458.65044900000004
,5.305555555555555,37.192547,115.33032,10090.0,465.59896200000003
,5.306666666666667,37.200405,115.33436,10090.0,459.33072300000003
,5.307777777777778,37.208267,115.33876,10090.0,465.59896200000003
,5.308888888888888,37.215565,115.34426,10090.0,460.39972500000005
,5.310277777777777,37.223145,115.349396,10090.0,465.890508
,5.311388888888889,37.230724,115.35343,10090.0,445.23933300000004
,5.3125,37.238304,115.35893,10090.0,473.51929500000006
,5.313611111111111,37.246166,115.36297,10090.0,459.476496
,5.314722222222222,37.254025,115.36774,10090.0,472.1101560000001
,5.315833333333333,37.261604,115.372505,10090.0,458.4074940000001
,5.317222222222222,37.2689,115.37764,10090.0,452.333619
,5.318333333333333,37.276764,115.38278,10090.0,479.447397
,5.319444444444445,37.284344,115.38828,10090.0,473.422113
,5.320555555555555,37.291924,115.392685,10090.0,451.70193600000005
,5.321666666666666,37.300064,115.39745,10090.0,485.715636
,5.322777777777778,37.30736,115.40222,10090.0,444.80201400000004
,5.323888888888889,37.315224,115.40626,10090.0,459.52508700000004
,5.325277777777777,37.322803,115.411026,10090.0,458.35890300000005
,5.326388888888888,37.330383,115.41543,10090.0,451.653345
,5.3275,37.337963,115.41983,10090.0,451.556163
,5.328611111111111,37.34582,115.42533,10090.0,486.39590999999996
,5.329722222222222,37.3534,115.4301,10090.0,458.45608500000003
,5.3308333333333335,37.361263,115.434135,10090.0,459.33072300000003
,5.332222222222222,37.368843,115.43854,10090.0,451.653345
,5.333333333333333,37.376423,115.44367,10090.0,465.55037100000004
,5.334444444444444,37.384,115.448814,10090.0,465.69614400000006
,5.335555555555556,37.39186,115.45248,10090.0,453.40262100000007
,5.336666666666666,37.39916,115.45835,10090.0,468.56301300000007
,5.337777777777777,37.40646,115.46239,10090.0,431.34230700000006
,5.339166666666666,37.414318,115.46789,10090.0,486.298728
,5.340277777777778,37.421898,115.47229,10090.0,451.50757200000004
,5.341388888888889,37.4292,115.47816,10090.0,468.61160400000006
,5.342499999999999,37.436775,115.48329,10090.0,465.21023400000007
,5.343611111111111,37.444355,115.48807,10090.0,458.55326700000006
,5.344722222222222,37.452217,115.49136,10090.0,448.10620200000005
,5.346111111111111,37.459515,115.49613,10090.0,444.75342300000005
,5.347222222222222,37.467377,115.500534,10090.0,465.404598
,5.348333333333333,37.474674,115.5053,10090.0,444.5590590000001
,5.349444444444444,37.482254,115.510445,10090.0,465.69614400000006
,5.350555555555555,37.489834,115.51521,10090.0,458.21313
,5.351666666666667,37.497414,115.519615,10090.0,451.50757200000004
,5.352777777777778,37.50471,115.52438,10090.0,444.4618770000001
,5.354166666666666,37.512573,115.52842,10090.0,459.28213200000005
,5.355277777777777,37.51987,115.53319,10090.0,444.60765000000004
,5.356388888888889,37.52745,115.53759,10090.0,451.361799
,5.3575,37.53447,115.54199,10090.0,424.05365700000004
,5.35861111111111,37.54261,115.54749,10090.0,499.5154800000001
,5.359722222222222,37.550472,115.551895,10090.0,465.35600700000003
,5.361111111111111,37.558052,115.557396,10090.0,473.033385
,5.362222222222222,37.56535,115.562164,10090.0,444.5590590000001
,5.363333333333333,37.57237,115.56804,10090.0,455.68639800000005
,5.364444444444444,37.57995,115.57244,10090.0,451.31320800000003
,5.365555555555555,37.587246,115.57721,10090.0,444.4618770000001
,5.366666666666666,37.594826,115.58088,10090.0,439.16545800000006
,5.368055555555555,37.602406,115.58565,10090.0,458.16453900000005
,5.369166666666667,37.609985,115.590416,10090.0,458.0187660000001
,5.370277777777777,37.617565,115.59592,10090.0,472.9847940000001
,5.371388888888888,37.625145,115.60105,10090.0,465.21023400000007
,5.3725,37.632442,115.60582,10090.0,444.4618770000001
,5.373611111111111,37.640022,115.609856,10090.0,444.94778700000006
,5.375,37.647602,115.61426,10090.0,451.31320800000003
,5.37611111111111,37.65518,115.61829,10090.0,444.75342300000005
,5.377222222222222,37.66276,115.62306,10090.0,458.067357
,5.378333333333333,37.67034,115.6282,10090.0,465.35600700000003
,5.379444444444444,37.67764,115.63297,10090.0,444.5590590000001
,5.3805555555555555,37.68522,115.637375,10090.0,451.31320800000003
,5.381666666666666,37.6928,115.64251,10090.0,465.21023400000007
,5.383055555555555,37.70038,115.64691,10090.0,451.21602600000006
,5.384166666666667,37.707676,115.65168,10090.0,444.31610400000005
,5.3852777777777785,37.715256,115.65645,10090.0,458.0187660000001
,5.386388888888889,37.722557,115.66085,10090.0,437.513364
,5.3875,37.730415,115.66489,10090.0,458.84481300000004
,5.3886111111111115,37.737713,115.669655,10090.0,444.26751300000006
,5.390000000000001,37.745014,115.67479,10090.0,451.89630000000005
,5.391111111111112,37.753155,115.67662,10090.0,447.280155
,5.392222222222222,37.760735,115.68066,10090.0,444.94778700000006
,5.3933333333333335,37.76747,115.68763,10090.0,470.70101700000004
,5.394722222222223,37.775894,115.692764,10090.0,505.783719
,5.395833333333334,37.78207,115.69717,10090.0,383.528763
,5.396944444444445,37.79049,115.7023,10090.0,505.49217300000004
,5.398055555555556,37.79807,115.7067,10090.0,451.07025300000004
,5.399166666666667,37.80565,115.711105,10090.0,451.167435
,5.400277777777778,37.81351,115.71514,10090.0,458.7962220000001
,5.4013888888888895,37.82109,115.720276,10090.0,465.06446100000005
,5.402777777777779,37.82895,115.72431,10090.0,458.74763100000007
,5.403888888888889,37.835686,115.72982,10090.0,433.77185700000007
,5.405,37.843266,115.73385,10090.0,444.70483200000007
,5.4061111111111115,37.850567,115.738625,10090.0,444.4618770000001
,5.407222222222223,37.858147,115.74229,10090.0,438.873912
,5.408611111111111,37.865726,115.747055,10090.0,457.678629
,5.409722222222222,37.873306,115.75146,10090.0,451.1188440000001
,5.410833333333334,37.88032,115.75623,10090.0,430.6134420000001
,5.411944444444445,37.887623,115.761,10090.0,444.413286
,5.413055555555556,37.89492,115.76577,10090.0,444.12174000000005
,5.4141666666666675,37.9025,115.77054,10090.0,457.7758110000001
,5.415277777777778,37.91008,115.774574,10090.0,444.70483200000007
,5.416666666666667,37.91766,115.77934,10090.0,457.678629
,5.417777777777778,37.924957,115.783745,10090.0,437.17322700000005
,5.4188888888888895,37.93226,115.78851,10090.0,444.26751300000006
,5.42,37.939835,115.79365,10090.0,464.724324
,5.421111111111111,37.947136,115.79805,10090.0,437.2704090000001
,5.4222222222222225,37.954433,115.802086,10090.0,430.6134420000001
,5.423611111111112,37.962013,115.80722,10090.0,464.82150600000006
,5.424722222222223,37.96931,115.81162,10090.0,437.02745400000003
,5.425833333333333,37.97689,115.81639,10090.0,457.678629
,5.426944444444445,37.98391,115.82079,10090.0,423.51915600000007
,5.428055555555556,37.99149,115.82556,10090.0,457.678629
,5.429166666666667,37.998787,115.82996,10090.0,436.97886300000005
,5.430277777777778,38.006367,115.83473,10090.0,457.63003800000007
,5.431666666666667,38.013947,115.839134,10090.0,450.9244800000001
,5.432777777777778,38.021248,115.84391,10060.0,444.26751300000006
,5.433888888888889,38.028545,115.84868,10060.0,443.975967
,5.4350000000000005,38.035843,115.85308,10030.0,437.02745400000003
,5.436111111111112,38.043144,115.85748,10000.0,437.124636
,5.4375,38.051003,115.861885,9970.0,464.6757330000001
,5.438611111111111,38.058304,115.86665,9970.0,444.024558
,5.439722222222223,38.0656,115.87142,9910.0,443.87878500000005
,5.440833333333334,38.07318,115.875824,9910.0,450.875889
,5.441944444444444,38.08076,115.88059,9880.0,457.48426500000005
,5.4430555555555555,38.08834,115.884995,9850.0,450.875889
,5.444166666666667,38.09564,115.88976,9850.0,443.92737600000004
,5.445555555555556,38.103218,115.89453,9810.0,457.43567400000006
,5.446666666666667,38.110516,115.89893,9810.0,436.930272
,5.447777777777778,38.117817,115.90407,9780.0,451.45898100000005
,5.448888888888889,38.125675,115.90847,9750.0,464.48136900000003
,5.45,38.133255,115.91287,9750.0,450.73011600000007
,5.4511111111111115,38.140835,115.91691,9720.0,444.5590590000001
,5.452500000000001,38.148415,115.92168,9690.0,457.48426500000005
,5.453611111111111,38.156277,115.92608,9690.0,464.62714200000005
,5.454722222222222,38.164135,115.93121,9660.0,477.795303
,5.4558333333333335,38.171715,115.935616,9660.0,450.778707
,5.456944444444445,38.179577,115.940384,9630.0,471.13833600000004
,5.458055555555556,38.187157,115.944786,9600.0,450.73011600000007
,5.4591666666666665,38.195015,115.94956,9600.0,471.04115400000006
,5.460555555555556,38.202877,115.95433,9570.0,471.13833600000004
,5.461666666666667,38.210457,115.95873,9540.0,450.63293400000003
,5.462777777777778,38.218037,115.9635,9510.0,457.3870830000001
,5.4638888888888895,38.225616,115.96827,9510.0,457.3384920000001
,5.465,38.233192,115.97304,9480.0,457.192719
,5.466388888888889,38.241055,115.97854,9450.0,485.2783170000001
,5.4675,38.248917,115.98331,9450.0,471.08974500000005
,5.4686111111111115,38.256493,115.98844,9420.0,464.14123200000006
,5.469722222222222,38.264355,115.99284,9420.0,464.52996
,5.470833333333333,38.272217,115.99761,9390.0,471.04115400000006
,5.4719444444444445,38.280357,116.00239,9390.0,484.840998
,5.473055555555556,38.287937,116.00679,9360.0,450.58434300000005
,5.474444444444445,38.295517,116.011925,9330.0,464.38418700000005
,5.475555555555555,38.303375,116.01669,9330.0,470.70101700000004
,5.476666666666667,38.311237,116.02146,9300.0,470.992563
,5.477777777777778,38.319378,116.02586,9300.0,478.3298040000001
,5.478888888888889,38.326958,116.030266,9270.0,450.63293400000003
,5.48,38.334816,116.03467,9240.0,464.335596
,5.481388888888889,38.342678,116.0398,9240.0,477.74671200000006
,5.4825,38.35082,116.0453,9200.0,498.397887
,5.483611111111111,38.35896,116.05044,9170.0,491.3036010000001
,5.4847222222222225,38.36654,116.05484,9140.0,450.487161
,5.485833333333334,38.37468,116.059616,9140.0,484.646634
,5.486944444444444,38.38282,116.06475,9110.0,491.157828
,5.4880555555555555,38.39096,116.069885,9080.0,491.20641900000004
,5.489444444444445,38.39854,116.07502,9080.0,464.23841400000003
,5.490555555555556,38.40668,116.07979,9050.0,484.50086100000004
,5.491666666666667,38.41426,116.08419,9020.0,450.4385700000001
,5.4927777777777775,38.422123,116.089325,9020.0,477.74671200000006
,5.493888888888889,38.430264,116.09409,8990.0,484.45227
,5.495277777777778,38.438404,116.099236,8960.0,491.35219200000006
,5.496388888888889,38.445984,116.104004,8900.0,457.09553700000004
,5.4975000000000005,38.454124,116.10914,8870.0,491.10923699999995
,5.498611111111111,38.461987,116.11391,8840.0,470.84679000000006
,5.499722222222222,38.470127,116.11904,8810.0,491.01205500000003
,5.5008333333333335,38.477985,116.12454,8780.0,484.69522500000005
,5.501944444444445,38.485847,116.12968,8750.0,477.74671200000006
,5.503333333333333,38.493427,116.13482,8750.0,464.18982300000005
,5.504444444444444,38.501568,116.13922,8720.0,478.1354400000001
,5.5055555555555555,38.509426,116.14399,8690.0,470.5552440000001
,5.506666666666667,38.51757,116.14876,8630.0,484.598043
,5.507777777777778,38.52543,116.15389,8600.0,477.3579840000001
,5.5088888888888885,38.53329,116.15903,8560.0,477.55234800000005
,5.510277777777778,38.54115,116.16343,8530.0,464.14123200000006
,5.511388888888889,38.54901,116.1682,8470.0,470.603835
,5.5125,38.55715,116.17333,8440.0,490.866282
,5.5136111111111115,38.565292,116.17737,8410.0,472.401702
,5.514722222222222,38.57315,116.18288,8380.0,484.74381600000004
,5.515833333333333,38.581013,116.18801,8350.0,477.4551660000001
,5.516944444444444,38.588593,116.193146,8290.0,463.946868
,5.5183333333333335,38.596733,116.19755,8260.0,478.03825800000004
,5.519444444444445,38.604595,116.20268,8200.0,477.3579840000001
,5.520555555555555,38.612736,116.20745,8170.0,484.30649700000004
,5.5216666666666665,38.620594,116.21222,8140.0,470.45806200000004
,5.522777777777778,38.627895,116.21699,8080.0,443.39287500000006
,5.524166666666667,38.635754,116.221756,8050.0,470.409471
,5.525277777777777,38.643333,116.22653,8020.0,456.90117300000003
,5.526388888888889,38.650913,116.230934,7960.0,450.244206
,5.5275,38.658775,116.2357,7920.0,470.50665300000003
,5.528611111111111,38.66635,116.240105,7830.0,450.001251
,5.529722222222222,38.67393,116.24487,7800.0,456.75540000000007
,5.530833333333334,38.68151,116.249275,7740.0,450.244206
,5.532222222222222,38.68909,116.25368,7710.0,450.244206
,5.533333333333333,38.69667,116.258446,7680.0,456.706809
,5.5344444444444445,38.70425,116.263214,7620.0,456.75540000000007
,5.535555555555556,38.71155,116.26798,7590.0,443.14992000000007
,5.536666666666666,38.71885,116.272385,7560.0,436.444362
,5.5377777777777775,38.726147,116.27679,7500.0,436.29858900000005
,5.539166666666667,38.733727,116.281555,7470.0,456.658218
,5.540277777777778,38.741028,116.28559,7440.0,430.03035000000006
,5.541388888888889,38.748604,116.29036,7380.0,456.56103600000006
,5.5424999999999995,38.755062,116.29403,7350.0,382.071033
,5.543611111111111,38.76208,116.29843,7320.0,422.54733600000003
,5.544722222222222,38.76938,116.3032,7280.0,443.14992000000007
,5.545833333333333,38.77668,116.3076,7220.0,436.29858900000005
,5.5472222222222225,38.783978,116.312004,7190.0,436.249998
,5.548333333333333,38.791275,116.31641,7130.0,436.249998
,5.549444444444444,38.798576,116.32081,7100.0,436.29858900000005
,5.5505555555555555,38.80559,116.324844,7010.0,415.74459600000006
,5.551666666666667,38.81233,116.32961,6980.0,416.27909700000004
,5.553055555555555,38.81963,116.33438,6950.0,443.1013290000001
,5.554166666666666,38.82665,116.33915,6890.0,429.64162200000004
,5.5552777777777775,38.833946,116.343185,6860.0,429.738804
,5.556388888888889,38.841244,116.34759,6800.0,436.2014070000001
,5.5575,38.848263,116.352356,6770.0,429.495849
,5.5586111111111105,38.855,116.357124,6710.0,416.084733
,5.559722222222222,38.86202,116.36153,6680.0,422.64451800000006
,5.561111111111111,38.869038,116.36593,6610.0,422.450154
,5.562222222222222,38.876057,116.369965,6580.0,415.93896
,5.5633333333333335,38.88307,116.37473,6520.0,429.15571200000005
,5.564444444444444,38.89009,116.37877,6490.0,416.084733
,5.565555555555555,38.896828,116.382805,6430.0,402.090525
,5.566666666666666,38.903847,116.38684,6400.0,415.93896
,5.5680555555555555,38.910583,116.39161,6340.0,416.036142
,5.569166666666667,38.91732,116.395645,6310.0,402.041934
,5.570277777777777,38.92434,116.40005,6250.0,422.54733600000003
,5.5713888888888885,38.931076,116.40372,6220.0,395.72510400000004
,5.5725,38.937813,116.40812,6160.0,408.747492
,5.573611111111111,38.944553,116.412155,6070.0,402.13911600000006
,5.574722222222222,38.95157,116.41619,6000.0,415.79318700000005
,5.576111111111111,38.95831,116.42059,5940.0,408.84467400000005
,5.577222222222222,38.965046,116.424255,5850.0,395.62792200000007
,5.578333333333333,38.971783,116.42866,5820.0,408.79608300000007
,5.579444444444444,38.97852,116.43269,5760.0,401.896161
,5.580555555555556,38.985256,116.43673,5730.0,401.99334300000004
,5.581944444444444,38.992275,116.440765,5700.0,415.84177800000003
,5.583055555555555,38.999012,116.4448,5670.0,401.94475200000005
,5.5841666666666665,39.005188,116.4492,5640.0,381.82807800000006
,5.585277777777778,39.011646,116.45324,5610.0,388.38786300000004
,5.586388888888888,39.0181,116.457275,5580.0,388.096317
,5.5874999999999995,39.02512,116.46168,5520.0,422.450154
,5.588611111111111,39.031296,116.46535,5490.0,367.931052
,5.59,39.038033,116.46938,5460.0,401.84757
,5.591111111111111,39.04421,116.473785,5390.0,381.973851
,5.5922222222222215,39.050385,116.47819,5360.0,381.82807800000006
,5.5969444444444445,39.07593,116.49432,5120.0,1538.87697
,5.598055555555555,39.082108,116.49836,5090.0,374.78238300000004
,5.599166666666666,39.088562,116.502396,5060.0,388.047726
,5.6002777777777775,39.09502,116.50643,5000.0,388.1934990000001
,5.601388888888889,39.101196,116.51047,4970.0,374.63661
,5.6025,39.10709,116.51487,4910.0,368.46555300000006
,5.60361111111111,39.11355,116.51854,4850.0,381.87666900000005
,5.6049999999999995,39.120007,116.522575,4820.0,388.144908
,5.606111111111111,39.12646,116.526245,4750.0,381.5365320000001
,5.607222222222222,39.13292,116.53028,4690.0,388.29068100000006
,5.608333333333333,39.139374,116.53394,4630.0,381.39075900000006
,5.609444444444444,39.14555,116.53761,4600.0,367.83387
,5.610833333333333,39.152008,116.54165,4570.0,388.24209
,5.611944444444444,39.158184,116.54532,4540.0,367.83387
,5.6130555555555555,39.16464,116.548256,4510.0,370.26342
,5.614166666666667,39.171097,116.551186,4510.0,370.26342
,5.615277777777777,39.177273,116.55339,4480.0,346.59960300000006
,5.616388888888888,39.18373,116.555954,4450.0,365.45291100000003
,5.617500000000001,39.189907,116.558525,4420.0,351.06997500000006
,5.61888888888889,39.196083,116.56146,4420.0,356.02625700000004
,5.62,39.201977,116.56439,4390.0,341.643321
,5.621111111111111,39.20731,116.567696,4360.0,320.020326
,5.622222222222223,39.214046,116.5699,4360.0,375.89997600000004
,5.623333333333334,39.220222,116.57173,4330.0,342.760914
,5.624444444444445,39.22612,116.575035,4300.0,347.81437800000003
,5.625555555555556,39.231735,116.5776,4270.0,322.15833000000003
,5.626944444444445,39.23763,116.580536,4270.0,341.78909400000003
,5.628055555555556,39.243523,116.58311,4240.0,336.492675
,5.629166666666667,39.24942,116.58567,4210.0,336.54126600000006
,5.630277777777779,39.255875,116.587875,4180.0,361.176903
,5.631388888888889,39.26149,116.59007,4150.0,317.347821
,5.6325,39.266823,116.59264,4110.0,307.87257600000004
,5.6338888888888885,39.27216,116.59557,4080.0,313.654905
,5.635,39.27777,116.59778,4020.0,317.25063900000004
,5.636111111111111,39.28367,116.599976,3990.0,332.119485
,5.6372222222222215,39.289562,116.60255,3960.0,336.44408400000003
,5.638333333333333,39.29546,116.605484,3930.0,341.837685
,5.639722222222222,39.30107,116.60805,3840.0,321.91537500000004
,5.640833333333333,39.30697,116.610985,3810.0,341.983458
,5.6419444444444435,39.3123,116.61392,3780.0,313.36335900000006
,5.643055555555555,39.318195,116.61685,3750.0,341.643321
,5.644166666666666,39.32381,116.61942,3720.0,322.206921
,5.645277777777777,39.32971,116.62199,3690.0,336.78422100000006
,5.646388888888889,39.33504,116.62456,3690.0,307.726803
,5.647777777777777,39.340656,116.62713,3660.0,322.255512
,5.648888888888888,39.34599,116.63006,3630.0,313.46054100000003
,5.65,39.351883,116.63263,3600.0,336.39549300000004
,5.651111111111112,39.3575,116.63519,3510.0,322.15833000000003
,5.652222222222223,39.363113,116.637764,3480.0,322.10973900000005
,5.653333333333333,39.368446,116.640335,3450.0,307.87257600000004
,5.654444444444445,39.37406,116.643265,3410.0,327.4547490000001
,5.655833333333334,39.379677,116.64547,3380.0,317.493594
,5.656944444444445,39.38501,116.64803,3350.0,307.67821200000003
,5.658055555555556,39.390625,116.65024,3350.0,317.44500300000004
,5.659166666666667,39.395958,116.653175,3320.0,313.46054100000003
,5.660277777777778,39.40129,116.65574,3290.0,307.67821200000003
,5.661388888888889,39.406906,116.65831,3260.0,322.206921
,5.662777777777778,39.4128,116.66087,3230.0,336.29831100000007
,5.66388888888889,39.418137,116.66308,3200.0,303.11065800000006
,5.665,39.423748,116.66564,3170.0,321.81819300000006
,5.666111111111111,39.429085,116.66821,3170.0,308.018349
,5.667222222222223,39.434696,116.670784,3140.0,322.012557
,5.668611111111112,39.440033,116.67298,3110.0,302.916294
,5.669722222222222,39.445644,116.67555,3080.0,321.91537500000004
,5.670833333333333,39.45098,116.67775,3050.0,302.916294
,5.671944444444445,39.456593,116.679955,3050.0,317.25063900000004
,5.673055555555556,39.462208,116.68252,3020.0,322.061148
,5.674166666666667,39.467823,116.68472,2990.0,317.2992300000001
,5.675277777777778,39.47344,116.68619,2960.0,309.961989
,5.676666666666667,39.479053,116.68729,2930.0,307.046529
,5.677777777777778,39.48467,116.68802,2930.0,305.345844
,5.678888888888889,39.49,116.68802,2900.0,288.290403
,5.680000000000001,39.495895,116.68765,2870.0,319.24287000000004
,5.681111111111111,39.50123,116.68729,2840.0,288.970677
,5.682222222222222,39.506844,116.68619,2840.0,307.09512
,5.683611111111111,39.512177,116.685455,2770.0,290.08827
,5.684722222222223,39.51779,116.68472,2740.0,305.15148000000005
,5.685833333333334,39.523125,116.68436,2710.0,288.970677
,5.686944444444444,39.52874,116.68399,2710.0,304.1310690000001
,5.688055555555556,39.534073,116.68325,2680.0,290.136861
,5.689166666666667,39.53941,116.68252,2650.0,290.2826340000001
,5.690277777777778,39.54502,116.681786,2620.0,305.0057070000001
,5.691666666666667,39.550358,116.68142,2590.0,289.165041
,5.692777777777778,39.55541,116.68032,2590.0,277.11447300000003
,5.693888888888889,39.560745,116.67959,2560.0,290.185452
,5.695,39.56608,116.67848,2530.0,292.27486500000003
,5.696111111111112,39.57141,116.67775,2530.0,289.8939060000001
,5.697500000000001,39.576744,116.67665,2500.0,292.129092
,5.698611111111111,39.5818,116.67555,2470.0,277.30883700000004
,5.699722222222222,39.58713,116.67481,2470.0,289.942497
,5.700833333333334,39.592464,116.67371,2440.0,292.129092
,5.701944444444445,39.59752,116.672615,2440.0,277.260246
,5.703055555555555,39.60285,116.67152,2410.0,291.886137
,5.704166666666667,39.608185,116.67041,2380.0,292.27486500000003
,5.705555555555556,39.61324,116.66968,2350.0,275.122242
,5.706666666666667,39.618572,116.66858,2290.0,292.03191000000004
,5.707777777777778,39.623627,116.66748,2260.0,277.260246
,5.708888888888889,39.62896,116.66675,2230.0,290.08827
,5.71,39.634014,116.66564,2200.0,277.260246
,5.711111111111111,39.639347,116.66454,2170.0,292.080501
,5.7125,39.64468,116.66381,2130.0,290.08827
,5.713611111111112,39.649734,116.66308,2100.0,275.07365100000004
,5.714722222222222,39.655067,116.662346,2070.0,290.08827
,5.715833333333333,39.660122,116.661606,2040.0,275.170833
,5.716944444444445,39.665455,116.66087,2010.0,290.08827
,5.718055555555556,39.670506,116.66051,1980.0,273.615921
,5.719166666666667,39.675842,116.659775,1950.0,290.23404300000004
,5.720555555555555,39.681175,116.65904,1920.0,290.08827
,5.721666666666667,39.686226,116.65831,1890.0,274.87928700000003
,5.722777777777778,39.69128,116.65758,1830.0,275.07365100000004
,5.723888888888889,39.696613,116.65684,1800.0,290.08827
,5.7250000000000005,39.701668,116.656105,1770.0,275.122242
,5.726388888888889,39.707283,116.65501,1740.0,307.143711
,5.7275,39.712334,116.65464,1710.0,273.66451200000006
,5.728611111111111,39.71739,116.65391,1680.0,275.170833
,5.729722222222223,39.72272,116.653175,1620.0,289.942497
,5.730833333333334,39.728054,116.65207,1590.0,292.177683
,5.731944444444444,39.73339,116.65097,1560.0,292.22627400000005
,5.733055555555556,39.738163,116.650604,1520.0,258.649893
,5.734444444444445,39.743214,116.65024,1490.0,273.615921
,5.735555555555556,39.74855,116.649506,1460.0,290.23404300000004
,5.736666666666666,39.753883,116.6484,1430.0,292.129092
,5.737777777777778,39.759216,116.64767,1400.0,290.03967900000004
,5.738888888888889,39.76427,116.64657,1370.0,277.163064
,5.74,39.769604,116.6462,1340.0,288.92208600000004
,5.741388888888889,39.774654,116.6451,1310.0,276.9687
,5.7425,39.77999,116.644,1310.0,292.22627400000005
,5.743611111111111,39.785324,116.643265,1280.0,290.136861
,5.744722222222222,39.790096,116.64253,1280.0,259.91325900000004
,5.745833333333334,39.79515,116.6418,1250.0,275.07365100000004
,5.746944444444445,39.8002,116.64107,1220.0,274.83069600000005
,5.748055555555555,39.805256,116.640335,1220.0,275.170833
,5.749444444444444,39.810307,116.63923,1190.0,277.06588200000004
,5.750555555555556,39.81508,116.63886,1190.0,258.649893
,5.751666666666667,39.81985,116.637764,1160.0,262.002672
,5.752777777777778,39.824905,116.63703,1130.0,275.122242
,5.753888888888889,39.829678,116.6363,1130.0,259.96185
,5.755277777777778,39.83445,116.63519,1100.0,262.197036
,5.756388888888889,39.839222,116.63446,1100.0,259.91325900000004
,5.7575,39.843716,116.63373,1070.0,244.94723100000002
,5.758611111111111,39.848766,116.63336,1040.0,273.615921
,5.759722222222222,39.85326,116.63263,1040.0,244.94723100000002
,5.760833333333333,39.858032,116.6319,1010.0,259.91325900000004
,5.7619444444444445,39.862522,116.631165,1010.0,244.80145800000003
,5.763333333333334,39.867016,116.63006,980.0,247.37678100000002
,5.764444444444444,39.871788,116.629326,980.0,259.91325900000004
,5.765555555555555,39.876278,116.62896,950.0,243.34372800000003
,5.766666666666667,39.88105,116.62859,950.0,258.60130200000003
,5.767777777777778,39.88526,116.62786,920.0,229.738248
,5.768888888888889,39.889755,116.62676,880.0,247.37678100000002
,5.770277777777777,39.894245,116.62602,880.0,244.80145800000003
,5.771388888888889,39.898735,116.62529,880.0,244.75286700000004
,5.7725,39.902946,116.62492,850.0,228.28051800000003
,5.773611111111111,39.907158,116.623825,820.0,232.31357100000002
,5.7747222222222225,39.911087,116.62273,820.0,217.347543
,5.775833333333333,39.91502,116.62236,790.0,213.31449000000003
,5.776944444444444,39.91923,116.62162,790.0,229.78683900000001
,5.778333333333333,39.92344,116.62089,760.0,229.738248
,5.779444444444445,39.927372,116.620155,760.0,214.869402
,5.780555555555556,39.93158,116.61979,730.0,228.13474499999998
,5.781666666666666,39.935513,116.61869,730.0,217.590498
,5.782777777777778,39.93916,116.618324,730.0,197.86255200000002
,5.784166666666667,39.943092,116.617584,700.0,214.869402
,5.785277777777778,39.94674,116.61722,700.0,197.911143
,5.786388888888888,39.950672,116.61685,670.0,213.21730800000003
,5.7875,39.95432,116.61612,670.0,199.611828
,5.788611111111111,39.95797,116.61575,640.0,198.008325
,5.789722222222222,39.961338,116.61502,610.0,184.694391
,5.7908333333333335,39.96499,116.614655,610.0,198.10550700000002
,5.792222222222222,39.968357,116.61392,580.0,184.6458
,5.793333333333333,39.971725,116.613556,550.0,182.799342
,5.794444444444444,39.97481,116.61318,550.0,167.590359
,5.795555555555556,39.97818,116.61245,520.0,184.79157300000003
,5.796666666666667,39.98127,116.61208,490.0,167.83331400000003
,5.797777777777777,39.984356,116.61135,490.0,169.63118100000003
,5.799166666666666,39.987164,116.610985,460.0,152.624331
,5.800277777777778,39.98997,116.61062,430.0,152.527149
,5.801388888888889,39.99306,116.609886,430.0,169.87413600000005
,5.8025,39.99587,116.60952,400.0,152.77010400000003
,5.803611111111111,39.998394,116.60915,400.0,137.366757
,5.804722222222222,40.0012,116.60878,370.0,152.57574000000002
,5.805833333333333,40.00401,116.60841,370.0,152.77010400000003
,5.807222222222222,40.006817,116.60805,340.0,152.57574000000002
,5.808333333333334,40.009342,116.60805,340.0,136.589301
,5.809444444444444,40.011868,116.60695,310.0,144.02372400000002
,5.810555555555555,40.014957,116.60658,310.0,167.784723
,5.8116666666666665,40.017483,116.60658,280.0,136.63789200000002
,5.813055555555556,40.02029,116.60622,280.0,152.57574000000002
,5.814166666666667,40.023098,116.60585,240.0,152.672922
,5.815277777777777,40.025906,116.60512,240.0,154.859517
,5.816388888888889,40.02843,116.60475,210.0,137.366757
,5.8175,40.03124,116.603645,210.0,158.746797
,5.818611111111111,40.034046,116.60291,180.0,154.81092600000002
,5.819722222222222,40.036854,116.60255,180.0,152.624331
,5.821111111111111,40.03938,116.60218,150.0,137.51253
,5.822222222222222,40.042187,116.60218,150.0,151.846875
,5.823333333333333,40.044994,116.60145,90.0,154.81092600000002
,5.8244444444444445,40.047802,116.60108,90.0,152.672922
,5.825555555555555,40.050327,116.600716,90.0,137.41534800000002
,5.8325,40.06521,116.599976,90.0,292.42063800000005
,5.833611111111111,40.068855,116.59924,90.0,199.51464600000003
,5.834722222222222,40.071945,116.59888,90.0,167.784723
