231,CCA1386054,B733,A,ZHXF,ZBAA,36R       
,1.9925000000000002,34.630367,113.68904,9480.0,654.0348600000001
,1.9936111111111112,34.635983,113.68904,9480.0,303.790932
,1.9947222222222223,34.64749,113.67987,9480.0,744.2683470000001
,1.9958333333333333,34.656475,113.68024,9480.0,486.298728
,1.9972222222222222,34.659283,113.725,9480.0,1997.333055
,1.9983333333333333,34.66546,113.7294,9480.0,387.2702700000001
,1.9994444444444446,34.675564,113.72023,9480.0,681.974685
,2.0005555555555556,34.68511,113.714355,9480.0,578.7188100000001
,2.0016666666666665,34.70167,113.70042,9480.0,1089.264447
,2.0027777777777778,34.709812,113.70005,9480.0,440.72037000000006
,2.003888888888889,34.73227,113.72133,9480.0,1539.7516080000003
,2.0052777777777777,34.74406,113.7338,9480.0,844.9488990000001
,2.006388888888889,34.74743,113.73344,9480.0,182.993706
,2.0075,34.75108,113.734535,9480.0,203.35333500000002
,2.008611111111111,34.75473,113.73344,9480.0,203.35333500000002
,2.0097222222222224,34.757538,113.7371,9480.0,222.54678
,2.0108333333333333,34.780273,113.756546,9480.0,1502.968221
,2.0122222222222224,34.79347,113.76462,9480.0,798.884631
,2.013333333333333,34.79712,113.76388,9480.0,200.146329
,2.0144444444444445,34.800488,113.76425,9480.0,182.896524
,2.0155555555555558,34.803574,113.76425,9480.0,166.91008500000004
,2.0166666666666666,34.806942,113.763145,9480.0,188.678853
,2.017777777777778,34.83221,113.774155,9480.0,1451.607534
,2.0191666666666666,34.845966,113.77819,9480.0,765.356841
,2.020277777777778,34.84849,113.779655,9480.0,151.215192
,2.0213888888888887,34.8513,113.780754,9480.0,159.62143500000002
,2.0225,34.876564,113.79213,9480.0,1456.8553620000002
,2.0236111111111112,34.86702,113.78956,9480.0,528.7186710000001
,2.024722222222222,34.881054,113.797264,9480.0,832.5581940000001
,2.026111111111111,34.89369,113.8112,9480.0,921.6740880000001
,2.027222222222222,34.89425,113.822945,9480.0,521.9645220000001
,2.0283333333333333,34.895653,113.82918,9480.0,286.83267300000006
,2.0294444444444446,34.8979,113.83395,9480.0,244.024002
,2.0305555555555554,34.901268,113.83138,9480.0,214.91799300000005
,2.0316666666666667,34.92513,113.84642,9480.0,1452.919491
,2.0327777777777776,34.940567,113.84459,9480.0,838.923615
,2.0341666666666667,34.9445,113.841286,9480.0,258.309756
,2.0352777777777775,34.948147,113.83542,9480.0,326.434338
,2.036388888888889,34.950115,113.84019,9480.0,236.78394300000002
,2.0375,34.95152,113.84715,9480.0,317.78514
,2.038611111111111,34.97622,113.8611,9480.0,1472.210118
,2.039722222222222,34.988293,113.87504,9480.0,898.9820910000002
,2.041111111111111,34.986607,113.89448,9480.0,866.328939
,2.042222222222222,34.98745,113.90475,9480.0,457.3870830000001
,2.043333333333333,34.990818,113.90328,9480.0,193.48936200000003
,2.0444444444444443,34.99531,113.89705,9480.0,367.78527900000006
,2.0455555555555556,35.015804,113.91722,9480.0,1423.9106640000002
,2.0466666666666664,35.031803,113.919426,9480.0,870.8964930000001
,2.0480555555555555,35.036575,113.91649,9480.0,289.01926800000007
,2.0491666666666664,35.039665,113.916855,9480.0,167.93049600000003
,2.0502777777777776,35.04219,113.91869,9480.0,158.941161
,2.051388888888889,35.045,113.91869,9480.0,151.99264800000003
,2.0524999999999998,35.06942,113.93227,9480.0,1451.315988
,2.053611111111111,35.083176,113.93813,9480.0,788.0002470000001
,2.0549999999999997,35.085423,113.942535,9480.0,229.738248
,2.056111111111111,35.086548,113.949875,9480.0,330.51598200000006
,2.057222222222222,35.088512,113.95464,9480.0,236.15226
,2.058333333333333,35.09132,113.95721,9480.0,189.74785500000002
,2.0594444444444444,35.11546,113.97262,9480.0,1473.133347
,2.0605555555555553,35.128372,113.97959,9480.0,763.4617920000001
,2.0616666666666665,35.131744,113.978485,9480.0,188.82462600000002
,2.063055555555555,35.13455,113.97959,9480.0,159.475662
,2.0641666666666665,35.137077,113.98106,9480.0,151.36096500000002
,2.0652777777777778,35.139603,113.98399,9480.0,188.338716
,2.0663888888888886,35.164024,113.9983,9480.0,1464.727104
,2.0675000000000003,35.17666,114.007835,9480.0,803.0634570000001
,2.068611111111111,35.178905,114.01003,9480.0,155.44260900000003
,2.0700000000000003,35.181713,114.01077,9480.0,155.39401800000002
,2.071111111111111,35.18424,114.013336,9480.0,177.648696
,2.0722222222222224,35.186764,114.0137,9480.0,137.463939
,2.0733333333333337,35.21119,114.02764,9480.0,1457.827182
,2.0744444444444445,35.224945,114.03204,9480.0,769.001166
,2.075555555555556,35.22803,114.03278,9480.0,170.06850000000003
,2.0769444444444445,35.229435,114.03902,9480.0,286.00662600000004
,2.0780555555555558,35.23168,114.04342,9480.0,229.20374700000005
,2.079166666666667,35.233925,114.04819,9480.0,243.24654600000002
,2.080277777777778,35.25779,114.06506,9480.0,1490.5775160000003
,2.081388888888889,35.27098,114.0735,9480.0,804.958506
,2.0825,35.27379,114.0746,9480.0,159.572844
,2.083888888888889,35.276596,114.074234,9480.0,152.624331
,2.085,35.279125,114.074234,9480.0,136.78366499999998
,2.0861111111111112,35.28137,114.07717,9480.0,177.648696
,2.0872222222222225,35.30551,114.09294,9480.0,1479.7903139999999
,2.0883333333333334,35.318424,114.10138,9480.0,791.644572
,2.0894444444444447,35.32067,114.10505,9480.0,202.47869700000004
,2.0905555555555555,35.322918,114.10872,9480.0,202.52728800000003
,2.0919444444444446,35.325726,114.110916,9480.0,180.17542800000004
,2.093055555555556,35.32825,114.11166,9480.0,140.42799
,2.0941666666666667,35.352394,114.12633,9480.0,1457.584227
,2.095277777777778,35.365585,114.1344,9480.0,797.3783100000002
,2.096388888888889,35.368114,114.13623,9480.0,158.84397900000005
,2.0975,35.370358,114.1388,9480.0,166.08403800000002
,2.0988888888888892,35.373165,114.138435,9480.0,152.672922
,2.1,35.375694,114.1388,9480.0,137.755485
,2.1011111111111114,35.400116,114.15311,9480.0,1463.9982390000002
,2.102222222222222,35.41303,114.161545,9480.0,791.3530260000001
,2.1033333333333335,35.415276,114.16595,9480.0,229.057974
,2.1044444444444443,35.417522,114.16962,9480.0,202.33292400000002
,2.1058333333333334,35.42033,114.17145,9480.0,171.963549
,2.1069444444444447,35.423134,114.17035,9480.0,159.232707
,2.1080555555555556,35.44756,114.183556,9480.0,1443.7357920000002
,2.109166666666667,35.461315,114.18869,9480.0,777.6503640000001
,2.1102777777777777,35.46356,114.190895,9480.0,155.49120000000002
,2.111388888888889,35.465805,114.19456,9480.0,202.04137800000004
,2.112777777777778,35.468052,114.19859,9480.0,215.16094800000005
,2.113888888888889,35.4703,114.202995,9480.0,229.00938300000004
,2.115,35.50651,114.22794,9480.0,2245.730247
,2.116111111111111,35.509598,114.22794,9480.0,167.05585800000003
,2.1172222222222223,35.512405,114.22537,9480.0,189.35912700000003
,2.118611111111111,35.515495,114.225006,9480.0,167.93049600000003
,2.1197222222222223,35.51774,114.22904,9480.0,215.16094800000005
,2.1208333333333336,35.519707,114.233444,9480.0,221.18623200000002
,2.1219444444444444,35.543568,114.249954,9480.0,1481.199453
,2.1230555555555557,35.55592,114.26022,9480.0,806.562009
,2.1241666666666665,35.558445,114.26243,9480.0,167.68754100000004
,2.1255555555555556,35.56153,114.26243,9480.0,166.86149400000002
,2.1266666666666665,35.56406,114.26206,9480.0,137.804076
,2.1277777777777778,35.566586,114.264626,9480.0,177.25996800000001
,2.128888888888889,35.59129,114.27857,9480.0,1470.36366
,2.13,35.60364,114.28884,9480.0,806.416236
,2.131111111111111,35.605606,114.29067,9480.0,133.38229500000003
,2.1325,35.60757,114.29434,9480.0,193.24640700000003
,2.133611111111111,35.6101,114.29581,9480.0,151.36096500000002
,2.1347222222222224,35.613186,114.29361,9480.0,192.95486100000002
,2.1358333333333333,35.638733,114.30351,9480.0,1448.7892559999998
,2.1369444444444445,35.651646,114.31195,9480.0,790.915707
,2.1380555555555554,35.65333,114.31635,9480.0,213.75180900000004
,2.1391666666666667,35.655296,114.31782,9480.0,124.44155100000002
,2.1405555555555553,35.65782,114.31745,9480.0,137.51253
,2.1416666666666666,35.659508,114.32222,9480.0,228.66924600000004
,2.142777777777778,35.68449,114.3358,9480.0,1477.214991
,2.1438888888888887,35.696,114.34863,9480.0,839.846844
,2.145,35.697964,114.35157,9480.0,167.25022200000004
,2.1461111111111113,35.700493,114.35084,9480.0,140.52517200000003
,2.1475,35.702736,114.35194,9480.0,130.612608
,2.1486111111111112,35.704983,114.353035,9480.0,130.70979000000003
,2.149722222222222,35.72997,114.36551,9480.0,1458.410274
,2.1508333333333334,35.74204,114.37431,9480.0,758.651283
,2.151944444444444,35.743725,114.37908,9480.0,228.37770000000003
,2.1530555555555555,35.745968,114.38129,9480.0,155.345427
,2.154444444444444,35.748497,114.38202,9480.0,140.476581
,2.1555555555555554,35.75046,114.384224,9480.0,143.634996
,2.1566666666666667,35.775166,114.39816,9480.0,1469.7319770000001
,2.1577777777777776,35.78836,114.40366,9480.0,753.4034550000001
,2.158888888888889,35.790043,114.404396,9480.0,96.59890800000002
,2.1599999999999997,35.79173,114.4077,9480.0,171.283275
,2.161388888888889,35.793694,114.41247,9480.0,234.69453000000001
,2.1625,35.79566,114.4143,9480.0,133.236522
,2.163611111111111,35.82008,114.42861,9480.0,1462.491918
,2.164722222222222,35.832993,114.43521,9480.0,756.0759600000001
,2.165833333333333,35.83552,114.43375,9480.0,150.923646
,2.1669444444444443,35.837765,114.43411,9480.0,122.44932000000001
,2.1680555555555556,35.839733,114.436676,9480.0,154.908108
,2.1694444444444443,35.841698,114.44071,9480.0,206.36597700000002
,2.1705555555555556,35.86556,114.45612,9480.0,1456.8553620000002
,2.1716666666666664,35.87847,114.46309,9480.0,762.198426
,2.1727777777777777,35.880436,114.467125,9480.0,206.36597700000002
,2.1738888888888885,35.882122,114.47227,9480.0,243.24654600000002
,2.175,35.884087,114.474464,9480.0,143.34345000000002
,2.176388888888889,35.886612,114.47667,9480.0,167.347404
,2.1774999999999998,35.910194,114.49317,9480.0,1466.2334250000001
,2.178611111111111,35.922546,114.50088,9480.0,748.641537
,2.179722222222222,35.92507,114.49978,9480.0,144.80118000000002
,2.180833333333333,35.927597,114.49978,9480.0,136.686483
,2.1819444444444445,35.929844,114.50088,9480.0,130.758381
,2.183333333333333,35.93181,114.501976,9480.0,116.66699100000001
,2.1844444444444444,35.956234,114.515915,9480.0,1455.349041
,2.1855555555555553,35.969147,114.522156,9480.0,750.0020850000001
,2.1866666666666665,35.971672,114.52179,9480.0,137.51253
,2.1877777777777774,35.97336,114.522156,9480.0,92.711628
,2.1888888888888887,35.975323,114.52362,9480.0,124.004232
,2.19,35.977005,114.52729,9480.0,184.6458
,2.1913888888888886,36.00171,114.54123,9480.0,1469.003112
,2.1925,36.01406,114.5537,9480.0,862.538841
,2.1936111111111107,36.015747,114.56141,9480.0,349.466472
,2.194722222222222,36.01743,114.56764,9480.0,287.36717400000003
,2.1958333333333333,36.019394,114.57278,9480.0,248.68873800000003
,2.196944444444444,36.02164,114.57388,9480.0,130.66119899999998
,2.1983333333333333,36.045223,114.58929,9480.0,1442.763972
,2.199444444444444,36.058136,114.59736,9480.0,782.5580550000001
,2.200555555555556,36.060944,114.59846,9480.0,159.329889
,2.2016666666666667,36.06291,114.60176,9480.0,179.25219900000002
,2.202777777777778,36.064873,114.603226,9480.0,124.05282300000002
,2.2038888888888892,36.067398,114.603226,9480.0,136.589301
,2.205277777777778,36.091824,114.61717,9480.0,1455.057495
,2.206388888888889,36.104176,114.62634,9480.0,779.108094
,2.2075,36.105858,114.627075,9480.0,96.50172600000002
,2.2086111111111113,36.108387,114.62487,9480.0,167.347404
,2.2097222222222226,36.11035,114.62524,9480.0,107.38611000000002
,2.2108333333333334,36.112316,114.62854,9480.0,179.15501700000004
,2.2122222222222225,36.13702,114.64211,9480.0,1461.908826
,2.2133333333333334,36.14965,114.652016,9480.0,808.700013
,2.2144444444444447,36.15162,114.65532,9480.0,179.397972
,2.215555555555556,36.1533,114.65899,9480.0,184.257072
,2.216666666666667,36.155266,114.66193,9480.0,166.71572100000003
,2.217777777777778,36.158073,114.66339,9480.0,164.674899
,2.218888888888889,36.182495,114.67733,9480.0,1454.5229940000002
,2.220277777777778,36.19541,114.68283,9480.0,738.6803820000001
,2.221388888888889,36.197094,114.68467,9480.0,121.428909
,2.2225,36.19878,114.68797,9480.0,170.505819
,2.2236111111111114,36.201023,114.68907,9480.0,130.466835
,2.2247222222222223,36.203552,114.69017,9480.0,144.99554400000002
,2.2258333333333336,36.227695,114.70484,9480.0,1454.425812
,2.227222222222222,36.240047,114.714386,9480.0,787.319973
,2.2283333333333335,36.242012,114.717316,9480.0,166.229811
,2.229444444444445,36.244255,114.71842,9480.0,130.51542600000002
,2.2305555555555556,36.246784,114.71695,9480.0,151.069419
,2.231666666666667,36.249027,114.71842,9480.0,137.22098400000002
,2.2327777777777778,36.274014,114.731255,9480.0,1462.9292370000003
,2.234166666666667,36.285244,114.7463,9480.0,894.0744000000001
,2.2352777777777777,36.286926,114.74813,9480.0,120.99159
,2.236388888888889,36.286926,114.74226,9480.0,255.928797
,2.2375000000000003,36.28777,114.7408,9480.0,78.32869200000002
,2.238611111111111,36.293102,114.7474,9480.0,407.435535
,2.2397222222222224,36.317524,114.75547,9480.0,1367.0591940000002
,2.241111111111111,36.32623,114.760605,9480.0,521.38143
,2.2422222222222223,36.33044,114.76244,9480.0,241.351497
,2.243333333333333,36.33465,114.764275,9480.0,241.351497
,2.2444444444444445,36.33886,114.76647,9480.0,246.988053
,2.2455555555555557,36.34195,114.77125,9480.0,267.05613600000004
,2.2466666666666666,36.364124,114.78408,9480.0,1323.2787030000002
,2.247777777777778,36.371704,114.78886,9480.0,459.865224
,2.2491666666666665,36.37451,114.789955,9480.0,159.086934
,2.250277777777778,36.379566,114.79032,9480.0,273.956058
,2.251388888888889,36.382935,114.79509,9480.0,276.337017
,2.2525,36.387146,114.79839,9480.0,269.339913
,2.2536111111111112,36.40539,114.81343,9480.0,1184.357034
,2.254722222222222,36.41606,114.81747,9480.0,603.354447
,2.256111111111111,36.421394,114.8182,9480.0,290.2826340000001
,2.257222222222222,36.424763,114.82297,9480.0,276.239835
,2.2583333333333333,36.42869,114.82554,9480.0,240.08813100000003
,2.2594444444444446,36.432903,114.8281,9480.0,253.64502000000002
,2.2605555555555554,36.45368,114.83984,9480.0,1234.502946
,2.2616666666666667,36.463783,114.84461,9480.0,584.5497300000001
,2.2630555555555554,36.466873,114.84755,9480.0,210.447621
,2.2641666666666667,36.469677,114.85011,9480.0,188.14435200000003
,2.265277777777778,36.47389,114.852684,9480.0,253.88797499999998
,2.266388888888889,36.4781,114.85489,9480.0,247.13382600000006
,2.2675,36.498875,114.865524,9480.0,1215.163728
,2.268611111111111,36.508137,114.87286,9480.0,593.9277930000001
,2.27,36.510944,114.877266,9480.0,244.41273
,2.271111111111111,36.514034,114.88056,9480.0,220.11723
,2.272222222222222,36.51768,114.88533,9480.0,286.152399
,2.2733333333333334,36.521614,114.88863,9480.0,256.60907100000003
,2.2744444444444443,36.542667,114.89891,9480.0,1223.2784250000002
,2.2755555555555556,36.553616,114.90221,9480.0,609.3797310000001
,2.2766666666666664,36.556705,114.90368,9480.0,178.863471
,2.2780555555555555,36.55979,114.90735,9480.0,230.80725
,2.279166666666667,36.56288,114.91285,9480.0,291.594591
,2.2802777777777776,36.56625,114.91615,9480.0,231.924843
,2.281388888888889,36.58646,114.92825,9480.0,1212.977133
,2.2824999999999998,36.59713,114.932655,9480.0,608.0191830000001
,2.283611111111111,36.600777,114.93486,9480.0,219.291183
,2.2849999999999997,36.604145,114.93779,9480.0,222.206643
,2.286111111111111,36.608917,114.938896,9480.0,262.537173
,2.2872222222222223,36.612568,114.942566,9480.0,253.74220200000002
,2.288333333333333,36.632782,114.9554,9480.0,1227.1657050000003
,2.2894444444444444,36.642326,114.96164,9480.0,582.994818
,2.2905555555555552,36.645412,114.96384,9480.0,192.323178
,2.2919444444444443,36.64878,114.96787,9480.0,252.52742700000005
,2.2930555555555556,36.65243,114.97081,9480.0,235.08325800000003
,2.2941666666666665,36.656643,114.97264,9480.0,241.302906
,2.2952777777777778,36.677414,114.98402,9480.0,1227.214296
,2.2963888888888886,36.68724,114.991356,9480.0,619.486659
,2.2975,36.69061,114.99355,9480.0,205.637112
,2.298888888888889,36.69454,114.99576,9480.0,233.188209
,2.3,36.69819,114.99759,9480.0,212.77998900000003
,2.301111111111111,36.702682,114.999054,9480.0,251.11828800000006
,2.302222222222222,36.723736,115.01006,9480.0,1234.794492
,2.3033333333333332,36.73328,115.0174,9480.0,606.4156800000001
,2.304444444444444,36.736088,115.019966,9480.0,188.24153400000003
,2.3055555555555554,36.739174,115.023636,9480.0,230.61288600000003
,2.3069444444444445,36.742542,115.02804,9480.0,263.89772100000005
,2.3080555555555553,36.747036,115.03061,9480.0,267.396273
,2.3091666666666666,36.76865,115.04051,9480.0,1245.3387390000003
,2.3102777777777774,36.77876,115.04601,9480.0,596.5517070000001
,2.3113888888888887,36.78269,115.047844,9480.0,226.91997000000003
,2.3125,36.785774,115.05151,9480.0,230.32134
,2.3138888888888887,36.789425,115.05518,9480.0,253.54783800000004
,2.315,36.793354,115.057755,9480.0,240.03954000000004
,2.316111111111111,36.81413,115.06912,9480.0,1226.8741590000002
,2.317222222222222,36.823673,115.07646,9480.0,606.172725
,2.318333333333333,36.82676,115.079765,9480.0,219.922866
,2.319444444444444,36.830692,115.0816,9480.0,227.01715200000004
,2.3208333333333333,36.8335,115.08673,9480.0,269.04836700000004
,2.321944444444444,36.836586,115.09077,9480.0,241.788816
,2.3230555555555554,36.856518,115.10251,9480.0,1191.8886390000002
,2.3241666666666663,36.8655,115.10874,9480.0,555.6380849999999
,2.3252777777777776,36.869152,115.11095,9480.0,219.485547
,2.326388888888889,36.87336,115.11278,9480.0,241.01136
,2.3277777777777775,36.87673,115.117546,9480.0,275.219424
,2.328888888888889,36.88066,115.12158,9480.0,275.07365100000004
,2.3299999999999996,36.898907,115.13296,9480.0,1102.967109
,2.331111111111111,36.907047,115.14066,9480.0,552.090942
,2.332222222222222,36.910137,115.145065,9480.0,253.45065599999998
,2.3333333333333335,36.915188,115.146164,9480.0,277.30883700000004
,2.3344444444444448,36.920525,115.14763,9480.0,295.579053
,2.3358333333333334,36.925858,115.14947,9480.0,299.223378
,2.3369444444444447,36.944664,115.159004,9480.0,1097.573508
,2.3380555555555556,36.954212,115.16341,9480.0,550.4874390000001
,2.339166666666667,36.95842,115.16597,9480.0,253.110519
,2.340277777777778,36.962353,115.171104,9480.0,307.38666600000005
,2.341388888888889,36.966564,115.17588,9480.0,307.38666600000005
,2.342777777777778,36.971336,115.17918,9480.0,294.89877900000005
,2.343888888888889,36.990143,115.18982,9480.0,1116.3782250000002
,2.345,36.99941,115.19459,9480.0,541.984014
,2.3461111111111115,37.003056,115.196785,9480.0,218.805273
,2.3472222222222223,37.007267,115.20082,9480.0,286.83267300000006
,2.3483333333333336,37.01232,115.204124,9480.0,308.3584860000001
,2.3497222222222223,37.01681,115.207794,9480.0,290.03967900000004
,2.3508333333333336,37.03562,115.21806,9480.0,1109.8670310000002
,2.3519444444444444,37.04264,115.223564,9480.0,447.96042900000003
,2.3530555555555557,37.04713,115.22577,9480.0,260.885079
,2.354166666666667,37.051903,115.23054,9480.0,330.224436
,2.355277777777778,37.057518,115.23384,9480.0,335.47226400000005
,2.356666666666667,37.06229,115.23824,9480.0,320.457645
,2.3577777777777778,37.079975,115.24668,9480.0,1023.618006
,2.358888888888889,37.087837,115.25365,9480.0,520.89552
,2.36,37.092045,115.25695,9480.0,268.465275
,2.361111111111111,37.0971,115.26062,9480.0,315.987273
,2.3622222222222224,37.102432,115.26429,9480.0,329.009661
,2.3633333333333333,37.108047,115.26685,9480.0,323.17874100000006
,2.3647222222222224,37.125732,115.27639,9480.0,1041.3537210000002
,2.3658333333333332,37.133873,115.28153,9480.0,493.00428600000004
,2.3669444444444445,37.138367,115.285194,9480.0,289.942497
,2.368055555555556,37.143417,115.288864,9480.0,315.69572700000003
,2.3691666666666666,37.149033,115.291435,9480.0,323.373105
,2.370277777777778,37.153805,115.29437,9480.0,287.46435600000007
,2.3716666666666666,37.171494,115.30391,9480.0,1041.4509030000002
,2.372777777777778,37.179913,115.30868,9480.0,499.66125300000004
,2.3738888888888887,37.184685,115.31198,9480.0,294.70441500000004
,2.375,37.190018,115.31491,9480.0,314.8696800000001
,2.3761111111111113,37.195072,115.31895,9480.0,324.10197000000005
,2.377222222222222,37.200127,115.32298,9480.0,323.907606
,2.3786111111111112,37.21697,115.33509,9480.0,1049.857146
,2.379722222222222,37.22455,115.34206,9480.0,508.16467800000004
,2.3808333333333334,37.22876,115.346825,9480.0,306.56061900000003
,2.3819444444444446,37.234375,115.34903,9480.0,318.2224590000001
,2.3830555555555555,37.23999,115.3516,9480.0,323.27592300000003
,2.3841666666666668,37.24504,115.35526,9480.0,315.35559000000006
,2.3855555555555554,37.262726,115.36443,9480.0,1034.9397090000002
,2.3866666666666667,37.27115,115.36921,9480.0,499.95279899999997
,2.3877777777777776,37.275642,115.37287,9480.0,289.60236000000003
,2.388888888888889,37.280693,115.37654,9480.0,315.598545
,2.39,37.28631,115.38021,9480.0,342.42077700000004
,2.391111111111111,37.29108,115.38425,9480.0,311.128173
,2.3922222222222222,37.308765,115.39488,9480.0,1060.3042110000001
,2.393611111111111,37.31747,115.400024,9510.0,520.2638370000001
,2.394722222222222,37.32252,115.40259,9480.0,294.607233
,2.3958333333333335,37.327854,115.40626,9480.0,328.86388800000003
,2.3969444444444443,37.33347,115.40993,9480.0,342.32359500000007
,2.3980555555555556,37.338802,115.41323,9450.0,321.42946500000005
,2.3991666666666664,37.35649,115.423134,9420.0,1047.281823
,2.4005555555555556,37.36463,115.428635,9390.0,499.80702600000006
,2.4016666666666664,37.368843,115.43267,9360.0,286.39535400000005
,2.4027777777777777,37.374176,115.435974,9330.0,321.526647
,2.403888888888889,37.380352,115.43817,9330.0,347.13410400000004
,2.405,37.385967,115.44221,9300.0,349.8552
,2.406111111111111,37.40337,115.45322,9270.0,1053.5500620000003
,2.4074999999999998,37.411793,115.45835,9270.0,506.12385600000005
,2.408611111111111,37.417126,115.460915,9240.0,308.795805
,2.4097222222222223,37.42246,115.464584,9200.0,328.766706
,2.410833333333333,37.427513,115.46862,9170.0,323.66465100000005
,2.4119444444444444,37.432568,115.473755,9170.0,351.31293
,2.4130555555555553,37.450813,115.482925,9140.0,1062.587988
,2.4144444444444444,37.459797,115.48807,9140.0,533.820726
,2.4155555555555557,37.464287,115.49173,9110.0,289.26222300000006
,2.4166666666666665,37.469624,115.4954,9080.0,328.86388800000003
,2.417777777777778,37.474957,115.4987,9080.0,321.380874
,2.4188888888888886,37.48029,115.50274,9050.0,336.589857
,2.42,37.497974,115.51264,9020.0,1046.6987310000002
,2.4211111111111108,37.506397,115.51888,9020.0,528.475716
,2.4225,37.510887,115.523285,8990.0,307.775394
,2.423611111111111,37.51594,115.52769,8990.0,332.313849
,2.424722222222222,37.521557,115.53098,8960.0,335.034945
,2.4258333333333333,37.52745,115.533554,8960.0,337.367313
,2.426944444444444,37.545418,115.54382,8930.0,1067.009769
,2.4280555555555554,37.55412,115.54859,8930.0,513.2181420000001
,2.4294444444444445,37.55889,115.55263,8930.0,310.78803600000003
,2.4305555555555554,37.563946,115.5563,8900.0,315.54995400000007
,2.4316666666666666,37.568718,115.5607,8900.0,319.72878000000003
,2.4327777777777775,37.57405,115.564735,8870.0,336.29831100000007
,2.433888888888889,37.591736,115.575005,8870.0,1053.1127430000001
,2.435,37.599876,115.58088,8870.0,507.19285800000006
,2.436388888888889,37.604652,115.58455,8870.0,302.430384
,2.4375000000000004,37.610546,115.58711,8870.0,337.172949
,2.4386111111111113,37.61588,115.59005,8870.0,314.82108900000003
,2.4397222222222226,37.621212,115.594086,8870.0,336.29831100000007
,2.4408333333333334,37.63918,115.60362,8870.0,1054.230336
,2.4419444444444447,37.648163,115.60839,8870.0,527.115168
,2.4433333333333334,37.652935,115.611694,8870.0,294.364278
,2.4444444444444446,37.658268,115.615364,8870.0,328.52375100000006
,2.445555555555556,37.663605,115.61939,8870.0,336.24972
,2.4466666666666668,37.668938,115.62306,8870.0,328.4751600000001
,2.447777777777778,37.68634,115.633705,8870.0,1045.824093
,2.4488888888888893,37.695045,115.63884,8870.0,519.632154
,2.45,37.699535,115.64251,8870.0,289.213632
,2.4513888888888893,37.704308,115.64691,8870.0,319.53441599999996
,2.4525,37.70964,115.65131,8870.0,344.46159900000004
,2.4536111111111114,37.714695,115.655716,8870.0,332.119485
,2.4547222222222222,37.73238,115.66562,8870.0,1046.261412
,2.4558333333333335,37.74108,115.67075,8870.0,519.243426
,2.456944444444445,37.746418,115.673325,8870.0,309.03876
,2.4583333333333335,37.75175,115.67589,8870.0,308.55285000000003
,2.4594444444444448,37.757645,115.678825,8870.0,342.66373200000004
,2.4605555555555556,37.76326,115.68213,8870.0,334.98635400000006
,2.461666666666667,37.774208,115.68763,8870.0,637.173783
,2.4630555555555556,37.787403,115.69423,8870.0,767.494845
,2.464166666666667,37.796947,115.698265,8870.0,544.3163820000001
,2.465277777777778,37.80228,115.700836,8870.0,308.698623
,2.466388888888889,37.807613,115.70377,8870.0,314.529543
,2.4675000000000002,37.81407,115.70707,8870.0,376.677432
,2.468611111111111,37.819405,115.70964,8870.0,308.74721400000004
,2.4697222222222224,37.83737,115.71771,8870.0,1031.10102
,2.471111111111111,37.846355,115.722115,8870.0,521.1870660000001
,2.4722222222222223,37.85141,115.72542,8870.0,307.726803
,2.4733333333333336,37.857304,115.72945,8870.0,362.2944960000001
,2.4744444444444444,37.862637,115.73348,8870.0,335.90958300000005
,2.4755555555555557,37.86797,115.73715,8870.0,328.280796
,2.4766666666666666,37.88566,115.745224,8870.0,1017.0582210000002
,2.4780555555555557,37.89436,115.74926,8870.0,501.11898300000007
,2.479166666666667,37.899693,115.75256,8870.0,321.04073700000004
,2.480277777777778,37.905308,115.75549,8870.0,328.4751600000001
,2.481388888888889,37.91064,115.7588,8870.0,321.13791900000007
,2.4825,37.916817,115.7621,8870.0,362.586042
,2.483611111111111,37.9345,115.77017,8870.0,1016.572311
,2.485,37.943207,115.77494,8870.0,513.0723690000001
,2.486111111111111,37.94798,115.778244,8870.0,294.121323
,2.4872222222222224,37.953873,115.78154,8870.0,348.39747
,2.4883333333333333,37.959766,115.78411,8870.0,337.07576700000004
,2.4894444444444446,37.965664,115.78778,8870.0,355.345983
,2.4905555555555554,37.98363,115.79548,8870.0,1025.75601
,2.4919444444444445,37.99149,115.800255,8870.0,471.381291
,2.493055555555556,37.997105,115.80392,8870.0,341.54613900000004
,2.4941666666666666,38.00272,115.80722,8870.0,334.694808
,2.495277777777778,38.008335,115.810524,8870.0,334.79199
,2.4963888888888888,38.01479,115.81456,8870.0,389.21391000000006
,2.4975,38.031635,115.821526,8870.0,958.3117020000001
,2.4986111111111113,38.039776,115.82593,8870.0,478.66994100000005
,2.5,38.045387,115.8296,8870.0,341.400366
,2.5011111111111113,38.051003,115.8329,8870.0,334.743399
,2.502222222222222,38.05718,115.836205,8870.0,362.586042
,2.5033333333333334,38.062794,115.83951,8870.0,334.694808
,2.5044444444444443,38.07964,115.84684,8870.0,963.2193930000001
,2.5055555555555555,38.08778,115.85161,8870.0,484.88958900000006
,2.5069444444444446,38.09339,115.85418,8870.0,322.59564900000004
,2.5080555555555555,38.099567,115.85785,8870.0,368.854281
,2.5091666666666668,38.105465,115.861145,8870.0,348.494652
,2.5102777777777776,38.11108,115.864815,8870.0,341.54613900000004
,2.511388888888889,38.127922,115.872154,8870.0,963.07362
,2.5125,38.136063,115.87656,8870.0,478.62135000000006
,2.513888888888889,38.14196,115.87986,8870.0,348.494652
,2.515,38.14757,115.88279,8870.0,328.03784100000007
,2.516111111111111,38.15347,115.88646,8870.0,355.297392
,2.5172222222222222,38.159645,115.88976,8870.0,362.2944960000001
,2.518333333333333,38.175926,115.8971,8870.0,934.3563390000002
,2.5194444444444444,38.184628,115.90114,8870.0,501.070392
,2.5208333333333335,38.189964,115.9048,8870.0,327.892068
,2.5219444444444443,38.195858,115.908104,8870.0,348.39747
,2.5230555555555556,38.20175,115.91177,8870.0,354.76289099999997
,2.5241666666666664,38.207928,115.91581,8870.0,375.70561200000003
,2.5252777777777777,38.22449,115.922775,8870.0,943.4914470000001
,2.526388888888889,38.232353,115.92681,8870.0,458.55326700000006
,2.5275,38.23797,115.93048,8870.0,341.497548
,2.528888888888889,38.243862,115.933784,8870.0,348.25169700000004
,2.53,38.249756,115.937454,8870.0,354.90866400000004
,2.531111111111111,38.256493,115.941124,8870.0,396.35678700000005
,2.5322222222222224,38.271935,115.94809,8870.0,886.1054760000001
,2.533333333333333,38.279793,115.952126,8870.0,458.310312
,2.5344444444444445,38.285408,115.955795,8870.0,341.35177500000003
,2.535833333333333,38.291584,115.9591,8870.0,362.343087
,2.5369444444444444,38.298042,115.96277,8870.0,382.50835200000006
,2.5380555555555553,38.303936,115.966064,8870.0,348.105924
,2.5391666666666666,38.319378,115.97304,8870.0,886.2026580000002
,2.540277777777778,38.32752,115.97817,8870.0,491.25500999999997
,2.5413888888888887,38.333134,115.981476,8870.0,334.5004440000001
,2.542777777777778,38.33959,115.98588,8870.0,396.06524100000007
,2.5438888888888886,38.345764,115.98881,8870.0,356.36639400000007
,2.545,38.35194,115.99248,8870.0,368.56273500000003
,2.546111111111111,38.367382,115.99945,8870.0,886.056885
,2.547222222222222,38.375523,116.00385,8870.0,478.28121300000004
,2.5483333333333333,38.381977,116.00716,8870.0,376.240113
,2.549722222222222,38.387875,116.01045,8870.0,348.20310600000005
,2.5508333333333333,38.39433,116.01339,8870.0,370.74933000000004
,2.551944444444444,38.400505,116.017426,8870.0,375.26829299999997
,2.5530555555555554,38.415665,116.0244,8840.0,871.6739490000001
,2.5552777777777775,38.42998,116.03283,8750.0,852.77205
,2.556388888888889,38.43588,116.0365,8720.0,355.0058460000001
,2.5577777777777775,38.442333,116.0398,8690.0,375.99715800000007
,2.5588888888888888,38.44851,116.04347,8630.0,368.514144
,2.5599999999999996,38.46395,116.05044,8600.0,885.8139300000001
,2.561111111111111,38.47209,116.054474,8560.0,472.30452
,2.562222222222222,38.478268,116.05778,8530.0,362.2944960000001
,2.563333333333333,38.484722,116.06145,8440.0,382.11962400000004
,2.564722222222222,38.49118,116.06548,8410.0,388.77659100000005
,2.565833333333333,38.497917,116.06879,8380.0,390.42868500000003
,2.5669444444444443,38.512516,116.07502,8350.0,832.5581940000001
,2.5680555555555555,38.52094,116.07942,8290.0,492.22683
,2.5691666666666664,38.527115,116.08309,8260.0,368.368371
,2.5702777777777777,38.53385,116.086395,8230.0,390.2343210000001
,2.5716666666666663,38.54087,116.09043,8200.0,416.327688
,2.5727777777777776,38.547047,116.09409,8140.0,368.27118900000005
,2.5738888888888884,38.561363,116.1007,8110.0,823.3259039999999
,2.5749999999999997,38.569504,116.10474,8050.0,472.353111
,2.576111111111111,38.57568,116.108406,8020.0,368.27118900000005
,2.577222222222222,38.582417,116.1117,7990.0,390.137139
,2.578611111111111,38.588875,116.11537,7920.0,382.216806
,2.579722222222222,38.59533,116.118675,7890.0,376.09434000000005
,2.580833333333333,38.609367,116.125275,7830.0,808.8943770000001
,2.5819444444444444,38.617508,116.12968,7800.0,478.08684900000003
,2.583055555555555,38.623962,116.13298,7770.0,375.9485670000001
,2.584166666666667,38.63042,116.13592,7710.0,370.74933000000004
,2.585277777777778,38.636314,116.13995,7620.0,361.41985800000003
,2.586666666666667,38.642773,116.14326,7590.0,376.337295
,2.5877777777777777,38.656246,116.15022,7560.0,785.862243
,2.588888888888889,38.664387,116.15426,7500.0,472.25592900000004
,2.5900000000000003,38.670002,116.15756,7470.0,334.160307
,2.591111111111111,38.676178,116.16123,7440.0,368.27118900000005
,2.5922222222222224,38.68151,116.163795,7380.0,308.06694000000005
,2.593611111111111,38.68825,116.16783,7350.0,402.43066200000004
,2.5947222222222224,38.702003,116.17444,7320.0,794.511441
,2.5958333333333337,38.709023,116.178474,7250.0,416.133324
,2.5969444444444445,38.714638,116.18177,7220.0,334.063125
,2.598055555555556,38.72053,116.18544,7160.0,354.374163
,2.5991666666666666,38.72643,116.18911,7130.0,354.71430000000004
,2.6005555555555557,38.732605,116.19241,7100.0,361.85717700000004
,2.6016666666666666,38.745518,116.19865,7040.0,746.4549420000001
,2.602777777777778,38.753098,116.20305,7010.0,450.04984200000007
,2.603888888888889,38.758713,116.20635,6980.0,334.11171600000006
,2.605,38.764606,116.209656,6920.0,347.91156
,2.6061111111111113,38.771065,116.21295,6890.0,375.99715800000007
,2.607222222222222,38.77696,116.216255,6860.0,348.008742
,2.608611111111111,38.789593,116.221756,6770.0,721.6249410000001
,2.6097222222222225,38.79745,116.22616,6740.0,463.8010950000001
,2.6108333333333333,38.80335,116.229095,6680.0,342.275004
,2.6119444444444446,38.809525,116.2324,6640.0,361.9057680000001
,2.6130555555555555,38.81542,116.2357,6610.0,347.862969
,2.6141666666666667,38.82075,116.239365,6580.0,327.0660210000001
,2.615555555555556,38.833103,116.24524,6550.0,712.5870150000001
,2.6166666666666667,38.840405,116.24964,6490.0,436.29858900000005
,2.617777777777778,38.8463,116.25257,6460.0,341.93486700000005
,2.618888888888889,38.851913,116.25551,6430.0,327.892068
,2.62,38.85753,116.25881,6370.0,334.11171600000006
,2.621111111111111,38.863422,116.262115,6340.0,347.76578700000005
,2.6225,38.875492,116.26798,6310.0,698.0583060000001
,2.6236111111111113,38.88307,116.27202,6250.0,443.7816030000001
,2.624722222222222,38.888687,116.274216,6220.0,317.590776
,2.6258333333333335,38.894302,116.27752,6190.0,334.063125
,2.6269444444444443,38.899918,116.28046,6130.0,328.03784100000007
,2.6280555555555556,38.905533,116.28376,6100.0,333.96594300000004
,2.6294444444444447,38.91732,116.28926,6070.0,678.281769
,2.6305555555555555,38.924057,116.29293,5970.0,395.77369500000003
,2.631666666666667,38.929394,116.29586,5940.0,313.89786000000004
,2.6327777777777777,38.93501,116.2988,5880.0,327.98925
,2.633888888888889,38.94062,116.301735,5850.0,327.600522
,2.635,38.945957,116.3054,5790.0,327.26038500000004
,2.636388888888889,38.957184,116.31127,5760.0,655.541181
,2.6375,38.964203,116.314575,5730.0,404.325711
,2.638611111111111,38.969536,116.31714,5670.0,307.96975800000007
,2.6397222222222223,38.97515,116.31971,5640.0,322.30410300000005
,2.640833333333333,38.981045,116.323006,5610.0,347.66860500000007
,2.6419444444444444,38.98638,116.32594,5580.0,313.84926900000005
,2.6430555555555557,38.99733,116.33181,5520.0,641.6441550000001
,2.6444444444444444,39.004345,116.33621,5490.0,422.1100170000001
,2.6455555555555557,39.0094,116.33988,5460.0,313.946451
,2.6466666666666665,39.015293,116.34245,5390.0,336.54126600000006
,2.647777777777778,39.02063,116.34539,5360.0,313.99504200000007
,2.648888888888889,39.02624,116.34832,5330.0,327.50334000000004
,2.65,39.03719,116.354195,5300.0,641.692746
,2.651388888888889,39.04449,116.35749,5240.0,418.41710100000006
,2.6525,39.049824,116.360794,5180.0,320.16609900000003
,2.653611111111111,39.05544,116.3641,5120.0,334.014534
,2.654722222222222,39.061333,116.36703,5090.0,341.691912
,2.6558333333333333,39.066948,116.37033,5060.0,333.868761
,2.6569444444444446,39.077896,116.375465,5000.0,630.22527
,2.658333333333333,39.084915,116.37987,4970.0,422.304381
,2.6594444444444445,39.089966,116.38317,4940.0,306.31766400000004
,2.6605555555555553,39.095303,116.386475,4910.0,320.311872
,2.6616666666666666,39.101196,116.38941,4850.0,341.74050300000005
,2.662777777777778,39.10709,116.39271,4820.0,347.620014
,2.6638888888888888,39.11776,116.39784,4790.0,615.9881070000001
,2.665277777777778,39.124496,116.40188,4720.0,401.84757
,2.6663888888888887,39.12983,116.404816,4690.0,313.70349600000003
,2.6675,39.135445,116.40775,4660.0,327.74629500000003
,2.668611111111111,39.14106,116.41068,4600.0,327.64911300000006
,2.669722222222222,39.146675,116.41435,4570.0,340.5257280000001
,2.6708333333333334,39.15678,116.41949,4540.0,587.562372
,2.6719444444444442,39.1638,116.42316,4480.0,409.71931200000006
,2.6733333333333333,39.16885,116.42646,4450.0,306.220482
,2.674444444444444,39.173904,116.43013,4420.0,313.70349600000003
,2.6755555555555555,39.17952,116.43343,4330.0,333.8201700000001
,2.6766666666666663,39.185135,116.43673,4300.0,333.771579
,2.6777777777777776,39.194958,116.441864,4240.0,573.276618
,2.678888888888889,39.201416,116.4459,4210.0,388.144908
,2.6802777777777775,39.20675,116.4492,4180.0,319.971735
,2.681388888888889,39.212643,116.45214,4110.0,341.74050300000005
,2.6824999999999997,39.218258,116.45508,4080.0,327.74629500000003
,2.6836111111111114,39.223873,116.45801,4050.0,327.600522
,2.6847222222222227,39.2337,116.46314,4020.0,573.3738000000001
,2.6858333333333335,39.240154,116.46681,3960.0,381.48794100000003
,2.6872222222222226,39.24577,116.47048,3930.0,340.477137
,2.6883333333333335,39.251385,116.47342,3930.0,327.74629500000003
,2.6894444444444447,39.257,116.47635,3900.0,327.600522
,2.6905555555555556,39.262333,116.47965,3900.0,319.87455300000005
,2.691666666666667,39.271877,116.484055,3900.0,548.2036620000001
,2.692777777777778,39.278336,116.48809,3900.0,388.096317
,2.694166666666667,39.28367,116.491394,3900.0,319.971735
,2.695277777777778,39.28816,116.49396,3900.0,265.549815
,2.696388888888889,39.293213,116.496895,3900.0,299.660697
,2.6975000000000002,39.297985,116.499466,3900.0,279.64120500000007
,2.6986111111111115,39.30697,116.504234,3900.0,525.365892
,2.6997222222222224,39.312584,116.507164,3900.0,327.50334000000004
,2.7008333333333336,39.317074,116.51047,3900.0,279.49543200000005
,2.7022222222222223,39.321846,116.51267,3900.0,274.05324
,2.7033333333333336,39.32662,116.5156,3900.0,285.860853
,2.7044444444444444,39.33139,116.51817,3900.0,279.54402300000004
,2.7055555555555557,39.339813,116.52294,3900.0,497.37747600000006
,2.706666666666667,39.34543,116.52588,3870.0,327.794886
,2.707777777777778,39.34992,116.52844,3840.0,265.45263300000005
,2.709166666666667,39.35469,116.53138,3810.0,285.81226200000003
,2.710277777777778,39.359463,116.53394,3780.0,279.49543200000005
,2.711388888888889,39.364517,116.53725,3750.0,306.41484600000007
,2.7125000000000004,39.371254,116.54092,3720.0,395.433558
,2.713611111111111,39.377148,116.54385,3690.0,341.54613900000004
,2.7147222222222225,39.382202,116.54678,3660.0,299.56351500000005
,2.716111111111111,39.387257,116.54972,3630.0,299.80647
,2.7172222222222224,39.392307,116.55266,3600.0,299.514924
,2.7183333333333333,39.39736,116.55522,3510.0,293.538231
,2.7194444444444446,39.4041,116.558525,3450.0,389.84559300000006
,2.720555555555556,39.409153,116.56146,3410.0,299.56351500000005
,2.7216666666666667,39.414486,116.56439,3380.0,313.36335900000006
,2.723055555555556,39.41954,116.56733,3350.0,299.709288
,2.7241666666666666,39.42459,116.57027,3320.0,299.514924
,2.725277777777778,39.429924,116.5732,3290.0,313.41195000000005
,2.726388888888889,39.43582,116.57613,3260.0,341.59472999999997
,2.7275,39.441154,116.5798,3230.0,326.725884
,2.7286111111111113,39.44621,116.58237,3200.0,293.781186
,2.729722222222222,39.45126,116.585304,3170.0,299.36915100000004
,2.7311111111111113,39.456875,116.587875,3140.0,322.15833000000003
,2.7322222222222226,39.462208,116.590805,3110.0,313.36335900000006
,2.7333333333333334,39.468105,116.59374,3080.0,341.691912
,2.7344444444444447,39.47344,116.59668,3050.0,313.60631400000005
,2.7355555555555555,39.478493,116.59961,3020.0,299.466333
,2.736666666666667,39.483826,116.60255,2990.0,313.509132
,2.7380555555555555,39.48916,116.605484,2960.0,313.46054100000003
,2.7391666666666667,39.494774,116.60841,2930.0,327.30897600000003
,2.740277777777778,39.500107,116.61172,2870.0,319.825962
,2.741388888888889,39.50544,116.614655,2840.0,313.41195000000005
,2.7425,39.510773,116.61722,2810.0,307.67821200000003
,2.743611111111111,39.51611,116.62052,2770.0,319.825962
,2.745,39.52172,116.62346,2740.0,327.30897600000003
,2.7461111111111114,39.527058,116.62639,2710.0,313.557723
,2.7472222222222222,39.53239,116.629326,2680.0,313.36335900000006
,2.7483333333333335,39.537445,116.6319,2680.0,293.781186
,2.7494444444444444,39.542496,116.63483,2650.0,299.32056
,2.7505555555555556,39.54783,116.637764,2620.0,313.41195000000005
,2.7519444444444443,39.552883,116.6407,2590.0,299.514924
,2.7530555555555556,39.557938,116.643265,2560.0,293.635413
,2.754166666666667,39.56327,116.6462,2530.0,313.3147680000001
,2.7552777777777777,39.568604,116.64877,2470.0,307.775394
,2.756388888888889,39.573936,116.6517,2440.0,313.21758600000004
,2.7575,39.57899,116.654274,2410.0,293.6840040000001
,2.758611111111111,39.584045,116.6572,2380.0,299.417742
,2.76,39.58938,116.659775,2350.0,307.87257600000004
,2.761111111111111,39.59443,116.66271,2320.0,299.32056
,2.7622222222222224,39.599766,116.66491,2290.0,302.867703
,2.763333333333333,39.604816,116.66675,2230.0,283.722849
,2.7644444444444445,39.61015,116.66748,2200.0,290.136861
,2.7655555555555558,39.615765,116.66821,2170.0,305.248662
,2.7669444444444444,39.62138,116.66858,2130.0,304.1310690000001
,2.7680555555555557,39.627274,116.66858,2100.0,318.80555100000004
,2.7691666666666666,39.63261,116.66821,2100.0,289.01926800000007
,2.770277777777778,39.63822,116.66785,2070.0,303.83952300000004
,2.7713888888888887,39.643837,116.66675,2040.0,307.289484
,2.7725,39.649174,116.66601,2040.0,290.331225
,2.7738888888888886,39.654785,116.66491,2010.0,306.94934700000005
,2.775,39.660122,116.66418,1980.0,290.2826340000001
,2.776111111111111,39.665455,116.663445,1950.0,290.08827
,2.777222222222222,39.670788,116.662346,1950.0,292.080501
,2.7783333333333333,39.675842,116.66124,1920.0,277.21165500000006
,2.7794444444444446,39.681175,116.66014,1890.0,292.080501
,2.7808333333333333,39.68651,116.65941,1860.0,290.185452
,2.7819444444444446,39.691563,116.65831,1860.0,277.11447300000003
,2.7830555555555554,39.696613,116.65794,1830.0,273.615921
,2.7841666666666667,39.701668,116.65684,1800.0,277.260246
,2.7852777777777775,39.707,116.65647,1800.0,288.82490400000006
,2.786388888888889,39.711773,116.65537,1740.0,262.197036
,2.7875,39.716545,116.65391,1710.0,265.161087
,2.7888888888888888,39.721878,116.653175,1710.0,290.08827
,2.79,39.726933,116.65207,1680.0,277.260246
,2.791111111111111,39.731987,116.65097,1650.0,277.163064
,2.792222222222222,39.737038,116.65024,1650.0,274.87928700000003
,2.793333333333333,39.74181,116.64914,1620.0,262.148445
,2.7944444444444443,39.746582,116.6484,1590.0,259.96185
,2.7958333333333334,39.751637,116.64767,1590.0,275.122242
,2.7969444444444442,39.75669,116.646935,1560.0,275.02506
,2.7980555555555555,39.76118,116.6462,1520.0,244.80145800000003
,2.7991666666666664,39.765953,116.645836,1520.0,258.60130200000003
,2.8002777777777776,39.770725,116.6451,1490.0,259.91325900000004
,2.801388888888889,39.775497,116.64437,1460.0,259.91325900000004
,2.8027777777777776,39.780552,116.64363,1460.0,275.170833
,2.803888888888889,39.785324,116.6429,1430.0,259.91325900000004
,2.8049999999999997,39.790096,116.64253,1400.0,258.60130200000003
,2.806111111111111,39.79487,116.64143,1400.0,262.245627
,2.807222222222222,39.79936,116.6407,1370.0,244.75286700000004
,2.808333333333333,39.803852,116.63997,1310.0,244.850049
,2.8097222222222222,39.808624,116.63923,1310.0,259.96185
,2.810833333333333,39.813114,116.63886,1280.0,243.34372800000003
,2.8119444444444444,39.817608,116.63813,1280.0,244.94723100000002
,2.813055555555555,39.82238,116.6374,1250.0,259.91325900000004
,2.8141666666666665,39.827152,116.63703,1250.0,258.60130200000003
,2.8152777777777778,39.831364,116.6363,1220.0,229.83543
,2.8163888888888886,39.835854,116.63557,1220.0,244.75286700000004
,2.8177777777777777,39.840065,116.63483,1190.0,229.83543
,2.8188888888888886,39.844555,116.63446,1160.0,243.34372800000003
,2.82,39.848766,116.63336,1160.0,232.31357100000002
,2.8211111111111107,39.85326,116.63263,1160.0,244.94723100000002
,2.822222222222222,39.85747,116.6319,1130.0,229.738248
,2.8233333333333333,39.8614,116.631165,1130.0,214.77222000000003
,2.824722222222222,39.86533,116.630424,1100.0,214.77222000000003
,2.825833333333333,39.86954,116.63006,1100.0,228.23192700000004
,2.826944444444444,39.87347,116.629326,1070.0,214.77222000000003
,2.8280555555555553,39.877403,116.62859,1070.0,214.91799300000005
,2.8291666666666666,39.881332,116.62823,1070.0,213.071535
,2.8302777777777774,39.88498,116.627495,1040.0,199.66041900000002
,2.8316666666666666,39.88863,116.62676,1010.0,199.75760100000002
,2.8327777777777774,39.89256,116.62639,1010.0,213.12012600000003
,2.833888888888889,39.89621,116.625656,1010.0,199.75760100000002
,2.835,39.89986,116.62492,980.0,199.75760100000002
,2.8361111111111112,39.903507,116.62419,980.0,199.56323700000002
,2.8372222222222225,39.907158,116.62346,950.0,199.806192
,2.838611111111111,39.910526,116.62309,920.0,182.847933
,2.8397222222222225,39.913895,116.62199,920.0,187.85280600000002
,2.8408333333333333,39.917828,116.62162,880.0,213.31449000000003
,2.8419444444444446,39.921757,116.62162,850.0,212.53703400000003
,2.843055555555556,39.925404,116.62052,820.0,202.47869700000004
,2.8441666666666667,39.928776,116.61979,790.0,184.888755
,2.845277777777778,39.932423,116.61942,760.0,197.86255200000002
,2.8466666666666667,39.936073,116.61906,760.0,198.008325
,2.847777777777778,39.93944,116.618324,730.0,184.6458
,2.8488888888888892,39.94337,116.61796,700.0,213.12012600000003
,2.85,39.94674,116.61722,700.0,184.84016400000002
,2.8511111111111114,39.950108,116.61685,670.0,182.847933
,2.852222222222222,39.953197,116.616486,670.0,167.784723
,2.8536111111111113,39.956284,116.61575,640.0,169.72836300000003
,2.854722222222222,39.95909,116.61539,610.0,152.527149
,2.8558333333333334,39.9619,116.61502,610.0,152.77010400000003
,2.8569444444444447,39.96499,116.614655,580.0,167.83331400000003
,2.8580555555555556,39.967796,116.61429,580.0,152.527149
,2.859166666666667,39.970882,116.61392,550.0,167.63895000000002
,2.8605555555555555,39.973972,116.61318,550.0,169.92272700000004
,2.861666666666667,39.97678,116.61245,520.0,154.859517
,2.862777777777778,39.979866,116.61208,490.0,167.63895000000002
,2.863888888888889,39.982674,116.61172,490.0,152.624331
,2.865,39.9852,116.610985,460.0,139.99067100000002
,2.866111111111111,39.988007,116.610985,460.0,151.846875
,2.8675,39.991096,116.61025,430.0,169.82554499999998
,2.868611111111111,39.99362,116.60952,400.0,139.844898
,2.8697222222222223,39.99699,116.60952,400.0,182.264841
,2.8708333333333336,39.999516,116.60915,370.0,137.51253
,2.8719444444444444,40.002605,116.60878,370.0,167.784723
,2.8730555555555557,40.005413,116.60841,340.0,152.672922
,2.8741666666666665,40.00822,116.60805,340.0,152.57574000000002
,2.8755555555555556,40.011307,116.607315,310.0,169.72836300000003
,2.8766666666666665,40.014397,116.60695,310.0,167.83331400000003
,2.8777777777777778,40.017204,116.60658,280.0,152.624331
,2.878888888888889,40.02029,116.60622,240.0,167.590359
,2.88,40.023098,116.60585,240.0,152.672922
,2.881111111111111,40.026184,116.60512,210.0,169.63118100000003
,2.8825,40.02899,116.60401,210.0,158.60102400000005
,2.883611111111111,40.03236,116.60328,180.0,184.79157300000003
,2.8847222222222224,40.035168,116.603645,150.0,152.624331
,2.8858333333333333,40.038258,116.603645,150.0,167.15304
,2.8869444444444445,40.041065,116.60291,120.0,154.859517
,2.8880555555555554,40.04415,116.60255,120.0,167.54176800000002
,2.8894444444444445,40.04696,116.60218,90.0,152.77010400000003
,2.8905555555555553,40.05005,116.601814,90.0,167.83331400000003
,2.8938888888888887,40.05875,116.599976,90.0,169.87413600000005
,2.895,40.061836,116.599976,90.0,166.91008500000004
