490,ANA955054,B763,A,RJAA,ZBAA,18R       
,19.118055555555557,38.66102,120.00029,9170.0,376.58025000000004
,19.11916666666667,38.659054,119.991486,9170.0,386.7843600000001
,19.12027777777778,38.65653,119.98305,9170.0,381.585123
,19.12138888888889,38.654564,119.97424,9170.0,387.02731500000004
,19.1225,38.65316,119.965805,9170.0,364.3353180000001
,19.12361111111111,38.650913,119.957,9170.0,391.30332300000003
,19.125,38.649227,119.94856,9170.0,368.028234
,19.12611111111111,38.646984,119.93976,9170.0,391.060368
,19.127222222222223,38.64502,119.93132,9170.0,372.06128700000005
,19.128333333333334,38.64305,119.92288,9170.0,372.1584690000001
,19.129444444444445,38.642212,119.91481,9170.0,343.927098
,19.130555555555556,38.640526,119.906006,9170.0,382.99426200000005
,19.131666666666668,38.638844,119.89794,9170.0,352.722069
,19.133055555555558,38.636597,119.88914,9170.0,391.15755
,19.134166666666665,38.63407,119.88033,9170.0,396.55115100000006
,19.135277777777777,38.632385,119.87153,9170.0,382.84848900000003
,19.136388888888888,38.63014,119.862724,9170.0,391.40050500000007
,19.1375,38.628456,119.85429,9170.0,367.83387
,19.13861111111111,38.62677,119.84585,9170.0,368.12541600000003
,19.14,38.624245,119.83668,9170.0,410.885496
,19.141111111111112,38.62284,119.828606,9170.0,349.56365400000004
,19.142222222222223,38.620594,119.8198,9170.0,391.49768700000004
,19.143333333333334,38.61891,119.81136,9170.0,368.12541600000003
,19.144444444444446,38.616947,119.80256,9170.0,386.7843600000001
,19.145555555555553,38.61526,119.79412,9170.0,368.1740070000001
,19.146944444444443,38.613575,119.78568,9170.0,368.1740070000001
,19.148055555555555,38.61161,119.777245,9170.0,372.012696
,19.149166666666666,38.60993,119.76881,9170.0,367.931052
,19.150277777777777,38.60768,119.76,9170.0,391.789233
,19.15138888888889,38.606277,119.751564,9170.0,364.578273
,19.1525,38.604313,119.743126,9170.0,372.1584690000001
,19.153888888888886,38.60235,119.73432,9170.0,387.075906
,19.154999999999998,38.600384,119.72588,9170.0,372.30424200000004
,19.15611111111111,38.59842,119.717445,9170.0,372.06128700000005
,19.15722222222222,38.59645,119.70864,9170.0,387.17308800000006
,19.15833333333333,38.594486,119.70021,9170.0,371.86692300000004
,19.159444444444443,38.592804,119.69177,9170.0,368.222598
,19.160555555555554,38.59084,119.683334,9170.0,372.1584690000001
,19.161944444444444,38.588875,119.67453,9170.0,387.124497
,19.163055555555555,38.58719,119.66609,9170.0,368.31978000000004
,19.164166666666667,38.585224,119.65729,9170.0,386.97872400000006
,19.165277777777778,38.583538,119.64848,9170.0,383.528763
,19.16638888888889,38.581295,119.640045,9170.0,376.726023
,19.1675,38.57961,119.63197,9170.0,353.402343
,19.16888888888889,38.577644,119.623535,9170.0,372.20706
,19.17,38.57596,119.6151,9170.0,368.12541600000003
,19.171111111111113,38.574276,119.60666,9170.0,368.368371
,19.172222222222224,38.57203,119.597855,9170.0,391.69205100000005
,19.173333333333336,38.570347,119.58978,9170.0,353.402343
,19.174444444444447,38.5681,119.58098,9170.0,391.49768700000004
,19.175833333333333,38.566696,119.572174,9170.0,380.07880200000005
,19.176944444444445,38.56445,119.56337,9170.0,391.69205100000005
,19.178055555555556,38.562485,119.555305,9170.0,357.289623
,19.179166666666667,38.56052,119.54687,9170.0,372.25565100000006
,19.18027777777778,38.559116,119.53806,9170.0,380.273166
,19.18138888888889,38.55743,119.529625,9170.0,368.27118900000005
,19.18277777777778,38.555187,119.52119,9170.0,376.871796
,19.183888888888887,38.553223,119.51275,9170.0,372.498606
,19.185,38.551254,119.50431,9170.0,372.595788
,19.18611111111111,38.54901,119.49587,9170.0,377.114751
,19.18722222222222,38.547607,119.487434,9170.0,364.86981900000006
,19.188333333333333,38.54592,119.479,9170.0,368.27118900000005
,19.189444444444444,38.544518,119.47129,9170.0,334.8891720000001
,19.190833333333334,38.542835,119.46286,9170.0,368.07682500000004
,19.191944444444445,38.54087,119.45479,9170.0,357.581169
,19.193055555555556,38.538624,119.44562,9170.0,406.560897
,19.194166666666668,38.53722,119.43791,9170.0,334.937763
,19.19527777777778,38.534973,119.42984,9170.0,362.44026900000006
,19.19638888888889,38.53329,119.42177,9170.0,353.402343
,19.197777777777777,38.531887,119.4137,9170.0,349.80660900000004
,19.198888888888888,38.5302,119.40563,9170.0,353.4509340000001
,19.2,38.528236,119.39756,9170.0,357.62976000000003
,19.20111111111111,38.52655,119.38949,9170.0,353.4509340000001
,19.202222222222222,38.524586,119.38142,9170.0,357.62976000000003
,19.203333333333333,38.522903,119.373344,9170.0,353.693889
,19.204722222222223,38.520657,119.36491,9170.0,377.01756900000004
,19.20583333333333,38.518692,119.35647,9170.0,372.6443790000001
,19.206944444444442,38.517006,119.34877,9170.0,338.38772400000005
,19.208055555555553,38.515324,119.3407,9170.0,353.4509340000001
,19.209166666666665,38.51392,119.33263,9170.0,349.903791
,19.210277777777776,38.511955,119.32419,9170.0,372.69297000000006
,19.211666666666666,38.509148,119.31502,9170.0,416.7650070000001
,19.212777777777777,38.50746,119.30731,9170.0,338.87363400000004
,19.21388888888889,38.506622,119.29998,9170.0,313.557723
,19.215,38.50522,119.292274,9170.0,334.8891720000001
,19.21611111111111,38.503815,119.28457,9170.0,334.84058100000004
,19.21722222222222,38.501846,119.27613,9170.0,372.79015200000003
,19.21833333333333,38.500446,119.268425,9170.0,334.84058100000004
,19.21972222222222,38.498478,119.26036,9170.0,357.62976000000003
,19.22083333333333,38.496235,119.25229,9170.0,362.53745100000003
,19.221944444444443,38.49455,119.24422,9170.0,353.59670700000004
,19.223055555555554,38.492584,119.23578,9170.0,372.79015200000003
,19.224166666666665,38.49062,119.22771,9170.0,357.775533
,19.225277777777777,38.488934,119.219635,9170.0,353.83966200000003
,19.226666666666667,38.48669,119.2112,9170.0,377.211933
,19.227777777777778,38.485287,119.2035,9170.0,334.743399
,19.228888888888886,38.483322,119.19543,9170.0,357.8241240000001
,19.229999999999997,38.48192,119.18772,9170.0,335.132127
,19.231111111111108,38.480515,119.17928,9170.0,365.35572900000005
,19.23222222222222,38.478546,119.17158,9170.0,343.003869
,19.233611111111113,38.47658,119.163506,9170.0,358.06707900000004
,19.234722222222224,38.4749,119.155075,9170.0,368.416962
,19.235833333333336,38.473213,119.147,9170.0,353.93684400000006
,19.236944444444447,38.47097,119.138565,9170.0,377.26052400000003
,19.238055555555558,38.469566,119.13086,9170.0,335.034945
,19.239166666666666,38.467598,119.12242,9170.0,372.93592500000005
,19.240555555555556,38.465633,119.11435,9170.0,357.9213060000001
,19.241666666666667,38.46395,119.10628,9170.0,353.693889
,19.24277777777778,38.461987,119.09785,9170.0,372.498606
,19.24388888888889,38.460022,119.09014,9170.0,343.441188
,19.245,38.458336,119.0817,9170.0,368.95146300000005
,19.246111111111112,38.45665,119.07363,9170.0,353.791071
,19.247222222222224,38.454967,119.065926,9170.0,338.77645200000006
,19.248611111111114,38.453003,119.05749,9170.0,372.79015200000003
,19.249722222222225,38.4516,119.04942,9170.0,350.146746
,19.250833333333333,38.449635,119.040985,9170.0,372.79015200000003
,19.251944444444444,38.44795,119.03255,9170.0,368.75709900000004
,19.253055555555555,38.445984,119.024475,9170.0,358.21285200000005
,19.254166666666666,38.444298,119.01677,9170.0,338.922225
,19.255555555555556,38.442055,119.00833,9170.0,377.600661
,19.256666666666668,38.44065,119.00026,9170.0,350.24392800000004
,19.25777777777778,38.439808,118.992195,9170.0,344.70455400000003
,19.25888888888889,38.439247,118.98339,9170.0,374.29647300000005
,19.26,38.438965,118.97532,9170.0,342.22641300000004
,19.261111111111113,38.438965,118.96688,9170.0,357.581169
,19.2625,38.439526,118.95844,9170.0,358.89312600000005
,19.26361111111111,38.44121,118.950005,9170.0,368.80569
,19.264722222222222,38.44346,118.9423,9170.0,348.39747
,19.265833333333333,38.446545,118.93459,9170.0,366.76486800000004
,19.266944444444444,38.44907,118.92653,9170.0,367.736688
,19.268055555555556,38.452442,118.91919,9170.0,360.49662900000004
,19.269444444444442,38.45609,118.91112,9170.0,394.7046930000001
,19.270555555555553,38.460022,118.90378,9170.0,376.677432
,19.271666666666665,38.46367,118.89645,9170.0,367.88246100000003
,19.272777777777776,38.46732,118.888374,9170.0,394.947648
,19.273888888888887,38.47097,118.881035,9170.0,368.222598
,19.275,38.474056,118.87333,9170.0,366.52191300000004
,19.27611111111111,38.477146,118.866,9170.0,352.5277050000001
,19.2775,38.480232,118.85829,9170.0,366.66768600000006
,19.27861111111111,38.483322,118.850586,9170.0,366.52191300000004
,19.279722222222222,38.48641,118.84289,9170.0,366.181776
,19.280833333333334,38.4895,118.834816,9170.0,380.516121
,19.281944444444445,38.492302,118.82711,9170.0,359.719173
,19.283055555555556,38.495674,118.81977,9170.0,360.30226500000003
,19.284444444444446,38.499043,118.81207,9170.0,373.47042600000003
,19.285555555555558,38.50213,118.80473,9170.0,352.722069
,19.28666666666667,38.505497,118.79666,9170.0,387.124497
,19.28777777777778,38.508305,118.788956,9170.0,359.719173
,19.28888888888889,38.511395,118.781624,9170.0,352.47911400000004
,19.290000000000003,38.514763,118.77392,9170.0,373.5190170000001
,19.29138888888889,38.51813,118.76658,9170.0,360.107901
,19.2925,38.52178,118.75887,9170.0,381.39075900000006
,19.29361111111111,38.524307,118.751175,9170.0,353.15938800000004
,19.294722222222223,38.527393,118.743835,9170.0,352.624887
,19.295833333333334,38.529922,118.73576,9170.0,368.07682500000004
,19.296944444444446,38.53301,118.72806,9170.0,366.133185
,19.298333333333336,38.53666,118.72036,9170.0,380.95344000000006
,19.299444444444447,38.540028,118.71302,9170.0,360.05931000000004
,19.300555555555555,38.543114,118.705315,9170.0,366.23036700000006
,19.301666666666666,38.546204,118.69762,9170.0,365.938821
,19.302777777777777,38.54901,118.68991,9170.0,359.767764
,19.30388888888889,38.55238,118.682205,9170.0,373.47042600000003
,19.305,38.555187,118.6745,9170.0,359.57340000000005
,19.30638888888889,38.558273,118.6668,9170.0,365.987412
,19.3075,38.56108,118.659096,9170.0,359.4762180000001
,19.308611111111112,38.56445,118.65176,9170.0,359.8649460000001
,19.309722222222224,38.56754,118.643684,9170.0,380.273166
,19.310833333333335,38.570625,118.63599,9170.0,365.695866
,19.311944444444446,38.573994,118.62901,9170.0,346.89114900000004
,19.313333333333333,38.577084,118.62131,9170.0,365.987412
,19.314444444444444,38.58017,118.6136,9170.0,366.27895800000005
,19.315555555555555,38.58326,118.60554,9170.0,379.59289200000006
,19.316666666666666,38.586628,118.59783,9170.0,373.47042600000003
,19.317777777777778,38.589436,118.590126,9170.0,359.37903600000004
,19.31888888888889,38.592804,118.58279,9170.0,359.719173
,19.32027777777778,38.59589,118.57509,9170.0,365.84163900000004
,19.32138888888889,38.59898,118.56738,9170.0,366.27895800000005
,19.322499999999998,38.602066,118.55968,9170.0,365.793048
,19.32361111111111,38.604874,118.55234,9170.0,345.433419
,19.32472222222222,38.607964,118.54427,9170.0,379.88443800000005
,19.325833333333332,38.611332,118.53657,9170.0,372.984516
,19.327222222222222,38.614418,118.52886,9170.0,366.133185
,19.328333333333333,38.617508,118.52152,9170.0,352.381932
,19.329444444444444,38.620316,118.51346,9170.0,372.984516
,19.330555555555556,38.623684,118.50612,9170.0,359.719173
,19.331666666666667,38.62649,118.49841,9170.0,359.42762700000003
,19.333888888888886,38.632668,118.48301,9170.0,731.5375050000001
,19.335277777777776,38.636036,118.47567,9170.0,359.670582
,19.336388888888887,38.639122,118.46833,9170.0,352.18756800000006
,19.3375,38.642212,118.460266,9170.0,379.49571000000003
,19.33861111111111,38.645298,118.45256,9170.0,365.84163900000004
,19.33972222222222,38.648388,118.44522,9170.0,352.28475000000003
,19.340833333333332,38.651474,118.437515,9170.0,365.793048
,19.342222222222222,38.654564,118.43055,9170.0,338.38772400000005
,19.343333333333334,38.657932,118.42321,9170.0,359.62199100000004
,19.344444444444445,38.66074,118.415504,9170.0,359.18467200000003
,19.345555555555553,38.663265,118.40817,9170.0,338.533497
,19.346666666666664,38.666073,118.40047,9170.0,358.94171700000004
,19.347777777777775,38.66916,118.39349,9170.0,338.77645200000006
,19.349166666666665,38.67225,118.38616,9170.0,351.79884000000004
,19.35027777777778,38.675335,118.378456,9170.0,365.64727500000004
,19.35138888888889,38.678143,118.37112,9170.0,344.9961
,19.352500000000003,38.68095,118.363785,9170.0,344.947509
,19.353611111111114,38.683758,118.356445,9170.0,345.14187300000003
,19.354722222222225,38.686848,118.34947,9170.0,338.630679
,19.35611111111111,38.689934,118.34214,9170.0,351.6530670000001
,19.357222222222223,38.693024,118.33517,9170.0,338.43631500000004
,19.358333333333334,38.695827,118.32783,9170.0,344.9961
,19.359444444444446,38.6992,118.320496,9170.0,359.37903600000004
,19.360555555555557,38.702003,118.313156,9170.0,344.947509
,19.361666666666668,38.70481,118.30545,9170.0,358.990308
,19.36277777777778,38.70734,118.29812,9170.0,338.33913300000006
,19.36416666666667,38.710148,118.29078,9170.0,345.044691
,19.36527777777778,38.71295,118.283806,9170.0,331.09907400000003
,19.366388888888892,38.716324,118.27684,9170.0,346.065102
,19.3675,38.71941,118.2695,9170.0,351.896022
,19.36861111111111,38.722218,118.262535,9170.0,330.856119
,19.369722222222222,38.725304,118.255196,9170.0,351.847431
,19.371111111111112,38.72811,118.247856,9170.0,344.947509
,19.372222222222224,38.73092,118.24015,9170.0,358.94171700000004
,19.373333333333335,38.734287,118.233185,9170.0,345.72496500000005
,19.374444444444446,38.73822,118.22805,9170.0,303.64515900000004
,19.375555555555557,38.742428,118.22071,9170.0,384.35481000000004
,19.37666666666667,38.747482,118.21521,9170.0,358.552989
,19.378055555555555,38.752815,118.21044,9170.0,351.701658
,19.379166666666666,38.75843,118.20567,9170.0,364.3353180000001
,19.380277777777778,38.764606,118.20164,9170.0,374.830974
,19.38138888888889,38.77022,118.1987,9170.0,327.98925
,19.3825,38.77696,118.19503,9170.0,396.06524100000007
,19.38361111111111,38.783134,118.19247,9170.0,350.9727930000001
,19.384999999999998,38.790997,118.19026,9170.0,435.42395100000005
,19.38611111111111,38.798294,118.18916,9170.0,397.42578900000007
,19.38722222222222,38.806156,118.18916,9170.0,425.268432
,19.388333333333332,38.813732,118.189896,9170.0,410.9826780000001
,19.389444444444443,38.821033,118.19026,9170.0,395.23919400000005
,19.390555555555554,38.828613,118.19136,9170.0,412.634772
,19.391666666666666,38.83591,118.1932,9170.0,402.23629800000003
,19.393055555555556,38.84321,118.1954,9170.0,405.58907700000003
,19.394166666666667,38.85079,118.1987,9170.0,432.94581000000005
,19.39527777777778,38.85809,118.202,9170.0,418.61146500000007
,19.39638888888889,38.865387,118.20604,9170.0,429.8359860000001
,19.3975,38.872406,118.211174,9170.0,436.930272
,19.398611111111112,38.879425,118.216675,9170.0,444.75342300000005
,19.4,38.8856,118.222176,9170.0,406.46371500000004
,19.40111111111111,38.892056,118.22842,9170.0,437.124636
,19.40222222222222,38.897953,118.23538,9170.0,433.14017400000006
,19.403333333333332,38.903564,118.24272,9170.0,433.091583
,19.404444444444444,38.9089,118.25043,9170.0,434.3063580000001
,19.405555555555555,38.914234,118.258865,9170.0,457.48426500000005
,19.40694444444444,38.919006,118.2673,9170.0,438.92250300000006
,19.408055555555553,38.923496,118.27684,9170.0,469.24328700000007
,19.409166666666664,38.926865,118.28674,9170.0,454.714578
,19.410277777777775,38.930233,118.296646,9170.0,454.9089420000001
,19.411388888888887,38.933605,118.30692,9170.0,469.194696
,19.412499999999998,38.93613,118.31719,9170.0,453.208257
,19.413888888888888,38.938656,118.32746,9170.0,453.208257
,19.415,38.940342,118.33774,9170.0,442.032327
,19.41611111111111,38.941746,118.34874,9170.0,469.000332
,19.41722222222222,38.942867,118.35975,9170.0,467.15387400000003
,19.418333333333333,38.943428,118.370384,9170.0,448.39774800000004
,19.419444444444444,38.94371,118.38103,9170.0,448.15479300000004
,19.420555555555556,38.944553,118.39166,9170.0,449.51534100000003
,19.421944444444446,38.945114,118.402664,9170.0,463.946868
,19.423055555555557,38.945393,118.41331,9170.0,448.10620200000005
,19.424166666666668,38.945957,118.42358,9170.0,433.14017400000006
,19.42527777777778,38.946796,118.434586,9170.0,465.21023400000007
,19.42638888888889,38.94764,118.444855,9170.0,434.4035400000001
,19.427500000000002,38.94876,118.45549,9170.0,451.45898100000005
,19.42888888888889,38.949326,118.46577,9170.0,433.5289020000001
,19.43,38.950447,118.476036,9170.0,436.10422500000004
,19.43111111111111,38.951008,118.48668,9170.0,448.78647600000005
,19.432222222222222,38.95157,118.497314,9170.0,448.349157
,19.433333333333334,38.95157,118.50758,9170.0,431.82821700000005
,19.434444444444445,38.95073,118.51786,9170.0,434.8408590000001
,19.435833333333335,38.949886,118.52813,9170.0,434.4035400000001
,19.436944444444446,38.94764,118.5384,9170.0,448.78647600000005
,19.438055555555557,38.945675,118.54831,9170.0,430.22471400000006
,19.439166666666665,38.94315,118.55821,9170.0,438.29082000000005
,19.440277777777776,38.94006,118.568115,9170.0,448.98084000000006
,19.441388888888888,38.93669,118.577286,9170.0,426.72616200000004
,19.442777777777778,38.93248,118.58646,9170.0,448.15479300000004
,19.44388888888889,38.92827,118.594894,9170.0,421.672698
,19.445,38.923496,118.60297,9170.0,426.823344
,19.44611111111111,38.918724,118.61067,9170.0,414.28686600000003
,19.447222222222223,38.912548,118.61764,9170.0,444.5590590000001
,19.448333333333334,38.906933,118.62461,9170.0,422.25579000000005
,19.449444444444445,38.900757,118.630844,9170.0,424.831113
,19.450833333333332,38.89402,118.63599,9170.0,423.956475
,19.451944444444443,38.887566,118.64185,9170.0,427.5036180000001
,19.453055555555554,38.880547,118.64516,9170.0,404.42289300000004
,19.454166666666666,38.87325,118.64882,9170.0,423.71352
,19.455277777777777,38.86651,118.65249,9170.0,395.96805900000004
,19.45638888888889,38.859493,118.655426,9170.0,399.1750650000001
,19.45777777777778,38.852474,118.65762,9170.0,390.768822
,19.45888888888889,38.845455,118.65946,9170.0,387.51322500000003
,19.46,38.838158,118.66129,9170.0,402.187707
,19.461111111111112,38.83114,118.662766,9170.0,384.694947
,19.46222222222222,38.82384,118.66496,9170.0,405.54048600000004
,19.46333333333333,38.816822,118.66717,9170.0,390.86600400000003
,19.46472222222222,38.809803,118.669365,9170.0,390.768822
,19.465833333333332,38.802784,118.6712,9170.0,387.464634
,19.466944444444444,38.79577,118.6734,9170.0,390.574458
,19.468055555555555,38.78903,118.67597,9170.0,380.321757
,19.469166666666666,38.782013,118.678535,9170.0,394.65610200000003
,19.470277777777778,38.775276,118.68111,9170.0,380.224575
,19.471666666666664,38.768257,118.683304,9170.0,390.768822
,19.472777777777775,38.76124,118.68624,9170.0,399.223656
,19.473888888888887,38.75478,118.68881,9170.0,365.84163900000004
,19.474999999999998,38.747765,118.69101,9170.0,390.62304900000004
,19.47611111111111,38.741028,118.69395,9170.0,384.93790200000007
,19.47722222222222,38.733727,118.696144,9170.0,405.637668
,19.47833333333333,38.72699,118.69835,9170.0,376.09434000000005
,19.47972222222222,38.71997,118.70091,9170.0,394.80187500000005
,19.480833333333333,38.712673,118.70348,9170.0,409.3305840000001
,19.481944444444444,38.705936,118.70568,9170.0,376.045749
,19.483055555555556,38.698917,118.70862,9170.0,399.41802
,19.484166666666667,38.6919,118.71082,9170.0,390.768822
,19.485277777777778,38.68516,118.71302,9170.0,376.240113
,19.486666666666668,38.678143,118.715225,9170.0,390.81741300000004
,19.48777777777778,38.671688,118.71779,9170.0,365.598684
,19.48888888888889,38.66411,118.71999,9170.0,420.31215000000003
,19.490000000000002,38.65737,118.72256,9170.0,380.3703480000001
,19.491111111111113,38.650352,118.72476,9170.0,390.81741300000004
,19.492222222222225,38.643616,118.727325,9170.0,380.12739300000004
,19.49361111111111,38.636597,118.72953,9170.0,390.914595
,19.494722222222222,38.629578,118.73209,9170.0,394.753284
,19.495833333333334,38.62284,118.734665,9170.0,380.3703480000001
,19.496944444444445,38.616383,118.7376,9170.0,370.652148
,19.498055555555556,38.609646,118.7409,9170.0,390.18573000000004
,19.499166666666667,38.60291,118.7442,9170.0,390.137139
,19.500555555555554,38.596733,118.74897,9170.0,390.2343210000001
,19.501666666666665,38.589996,118.75374,9170.0,416.47346100000004
,19.502777777777776,38.583538,118.75925,9170.0,419.87483100000003
,19.503888888888888,38.577923,118.76548,9170.0,402.041934
,19.505,38.57259,118.77282,9170.0,423.762111
,19.50611111111111,38.566696,118.779785,9170.0,434.06340300000005
,19.50722222222222,38.561924,118.78749,9170.0,415.74459600000006
,19.50861111111111,38.55743,118.79593,9170.0,431.8768080000001
,19.509722222222223,38.55294,118.80437,9170.0,431.779626
,19.510833333333334,38.54845,118.81317,9170.0,444.4618770000001
,19.511944444444445,38.5448,118.82234,9170.0,435.278178
,19.513055555555557,38.54115,118.83115,9170.0,421.76988000000006
,19.514166666666668,38.538624,118.841415,9140.0,455.2976700000001
,19.515555555555554,38.536377,118.85169,9110.0,451.41039000000006
,19.516666666666666,38.534412,118.86196,9110.0,447.328746
,19.517777777777777,38.532726,118.87296,9080.0,474.29675100000003
,19.51888888888889,38.531605,118.883606,9080.0,454.52021400000007
,19.52,38.531044,118.89461,9050.0,466.61937300000005
,19.52111111111111,38.53076,118.90598,9020.0,481.3424460000001
,19.522499999999997,38.53076,118.91662,9020.0,450.244206
,19.52361111111111,38.531044,118.92726,8990.0,450.487161
,19.52472222222222,38.532448,118.93826,8960.0,471.624246
,19.52583333333333,38.53357,118.94854,8930.0,439.16545800000006
,19.526944444444442,38.535255,118.95881,8900.0,443.975967
,19.528055555555554,38.53722,118.96908,8900.0,447.328746
,19.529444444444444,38.539745,118.97972,8870.0,470.45806200000004
,19.530555555555555,38.54171,118.989624,8840.0,432.31412700000004
,19.531666666666666,38.543957,118.99989,8840.0,451.02166200000005
,19.532777777777778,38.546204,119.0098,8810.0,436.49295300000006
,19.53388888888889,38.549572,119.020805,8780.0,499.95279899999997
,19.535,38.551537,119.03071,8780.0,432.26553600000005
,19.53611111111111,38.552658,119.03988,8750.0,392.61528000000004
,19.5375,38.553783,119.04905,8720.0,392.6638710000001
,19.538611111111113,38.555466,119.05859,8720.0,413.703774
,19.539722222222224,38.55687,119.06813,8720.0,410.642541
,19.540833333333335,38.558556,119.0784,8690.0,443.87878500000005
,19.541944444444447,38.560238,119.08794,8690.0,413.655183
,19.543055555555558,38.562485,119.09747,8660.0,420.992424
,19.544444444444448,38.56417,119.10665,8660.0,398.83492800000005
,19.545555555555556,38.566135,119.116554,8660.0,432.168354
,19.546666666666667,38.567818,119.12609,8630.0,413.460819
,19.547777777777778,38.570065,119.13563,8630.0,421.38115200000004
,19.54888888888889,38.57147,119.145164,8600.0,410.3024040000001
,19.55,38.57315,119.15397,8600.0,383.334399
,19.55138888888889,38.574554,119.16314,8600.0,395.142012
,19.552500000000002,38.576523,119.17268,8560.0,417.2509170000001
,19.553611111111113,38.577923,119.181114,8560.0,364.578273
,19.554722222222225,38.57961,119.19029,8560.0,398.59197300000005
,19.555833333333332,38.581856,119.19946,8560.0,406.3179420000001
,19.556944444444444,38.583538,119.209,8530.0,413.50941
,19.558333333333334,38.585224,119.21817,8530.0,398.30042700000007
,19.559444444444445,38.58719,119.22734,8530.0,402.041934
,19.560555555555556,38.58831,119.23651,8500.0,392.42091600000003
,19.561666666666667,38.588593,119.24422,8500.0,326.337156
,19.56277777777778,38.591118,119.25412,8500.0,440.28305100000006
,19.56388888888889,38.594208,119.26439,8470.0,465.25882500000006
,19.565,38.596172,119.27393,8470.0,417.056553
,19.56638888888889,38.597015,119.28237,8470.0,359.719173
,19.5675,38.59898,119.29191,8440.0,417.056553
,19.56861111111111,38.600384,119.30108,8440.0,394.99623900000006
,19.56972222222222,38.602066,119.310616,8440.0,413.26645500000006
,19.570833333333333,38.60403,119.319786,8410.0,401.94475200000005
,19.571944444444444,38.606,119.32896,8410.0,402.187707
,19.573333333333334,38.60768,119.33813,8410.0,398.10606300000006
,19.574444444444445,38.609085,119.3473,8410.0,394.99623900000006
,19.575555555555557,38.61105,119.35647,8410.0,401.896161
,19.576666666666668,38.613014,119.36527,8410.0,386.83295100000004
,19.57777777777778,38.613575,119.37444,8410.0,388.77659100000005
,19.578888888888887,38.61498,119.38325,8380.0,380.030211
,19.580277777777777,38.616947,119.39205,8380.0,386.83295100000004
,19.58138888888889,38.61919,119.401596,8380.0,421.28397
,19.5825,38.620876,119.41077,8350.0,398.30042700000007
,19.58361111111111,38.621998,119.41994,8350.0,392.27514300000007
,19.584722222222222,38.6234,119.42911,8350.0,394.899057
,19.585833333333333,38.625366,119.43828,8350.0,401.84757
,19.58722222222222,38.628174,119.447815,8320.0,430.6134420000001
,19.58833333333333,38.63014,119.456985,8320.0,401.798979
,19.589444444444442,38.632103,119.466156,8320.0,401.798979
,19.590555555555554,38.63379,119.47533,8290.0,398.251836
,19.591666666666665,38.635754,119.48487,8290.0,416.86218900000006
,19.592777777777776,38.637157,119.493675,8260.0,379.69007400000004
,19.593888888888888,38.639404,119.502846,8260.0,406.074987
,19.595277777777778,38.64137,119.51165,8260.0,386.8815420000001
,19.59638888888889,38.643894,119.520454,8230.0,396.21101400000003
,19.5975,38.6467,119.52926,8230.0,401.798979
,19.59861111111111,38.65007,119.5377,8230.0,400.43843100000004
,19.599722222222223,38.65344,119.54503,8200.0,359.33044500000005
,19.600833333333334,38.657932,119.552,8200.0,381.73089600000003
,19.602222222222224,38.662983,119.55897,8200.0,401.65320600000007
,19.603333333333335,38.6686,119.565575,8170.0,412.48899900000004
,19.604444444444447,38.674496,119.57071,8170.0,385.666767
,19.605555555555558,38.68067,119.57548,8170.0,389.991366
,19.60666666666667,38.686565,119.57951,8140.0,361.41985800000003
,19.60777777777778,38.693302,119.58355,8140.0,402.33348
,19.609166666666667,38.70004,119.58649,8140.0,385.03508400000004
,19.610277777777778,38.707058,119.58942,8110.0,399.272247
,19.61138888888889,38.713516,119.59016,8110.0,350.72983800000003
,19.6125,38.72053,119.591255,8110.0,382.216806
,19.613611111111112,38.72699,119.59089,8080.0,349.75801800000005
,19.614722222222223,38.733166,119.59016,8080.0,335.47226400000005
,19.616111111111113,38.740746,119.58942,8050.0,411.177042
,19.61722222222222,38.74692,119.58795,8050.0,339.65108999999995
,19.618333333333332,38.75366,119.585754,8050.0,376.1429310000001
,19.619444444444444,38.758713,119.58172,8050.0,321.96396599999997
,19.620555555555555,38.765167,119.578415,8020.0,375.89997600000004
,19.621666666666666,38.771343,119.57401,8020.0,382.265397
,19.622777777777777,38.77696,119.569244,8020.0,364.28672700000004
,19.624166666666667,38.782574,119.564476,7990.0,364.18954500000007
,19.62527777777778,38.787907,119.55897,7990.0,370.26342
,19.62638888888889,38.792118,119.552,7990.0,371.818332
,19.6275,38.79633,119.54503,7960.0,371.818332
,19.628611111111113,38.79998,119.53806,7960.0,353.985435
,19.629722222222224,38.80391,119.53072,7960.0,375.414066
,19.63111111111111,38.806717,119.52265,7920.0,372.498606
,19.63222222222222,38.80896,119.51458,7920.0,361.12831200000005
,19.633333333333333,38.81093,119.50614,7920.0,371.38101300000005
,19.634444444444444,38.81233,119.4977,7890.0,363.7036350000001
,19.635555555555555,38.813454,119.48964,7890.0,345.09328200000004
,19.636666666666667,38.814857,119.4812,7860.0,363.7036350000001
,19.638055555555557,38.8157,119.47276,7860.0,358.60158000000007
,19.639166666666664,38.81626,119.464325,7860.0,356.803713
,19.640277777777776,38.817665,119.45625,7830.0,348.68901600000004
,19.641388888888887,38.818504,119.44818,7830.0,343.10105100000004
,19.6425,38.819347,119.44011,7830.0,343.14964200000003
,19.64361111111111,38.81991,119.431305,7800.0,372.30424200000004
,19.645,38.82075,119.42287,7800.0,358.358625
,19.64611111111111,38.821594,119.41517,7800.0,327.69770400000004
,19.647222222222222,38.822155,119.40673,7770.0,356.998077
,19.648333333333333,38.822716,119.39866,7770.0,341.448957
,19.649444444444445,38.822716,119.39022,7770.0,355.68612
,19.650555555555552,38.822716,119.38178,7740.0,355.68612
,19.651666666666664,38.822998,119.37371,7740.0,340.428546
,19.653055555555554,38.822716,119.36527,7740.0,356.02625700000004
,19.654166666666665,38.822998,119.35721,7710.0,339.99122700000004
,19.655277777777776,38.822998,119.34914,7710.0,340.088409
,19.656388888888888,38.822998,119.341064,7710.0,340.33136400000006
,19.6575,38.822716,119.33263,7680.0,355.734711
,19.65861111111111,38.822716,119.324554,7680.0,340.33136400000006
,19.66,38.822155,119.31612,7650.0,356.706531
,19.66111111111111,38.822437,119.308044,7650.0,340.671501
,19.66222222222222,38.822155,119.29961,7650.0,355.734711
,19.66333333333333,38.822437,119.29191,7620.0,324.83083500000004
,19.66444444444444,38.821877,119.28384,7620.0,341.448957
,19.665555555555553,38.82019,119.275764,7620.0,352.381932
,19.666944444444447,38.822437,119.26733,7590.0,375.657021
,19.668055555555558,38.822998,119.25852,7590.0,372.498606
,19.66916666666667,38.82328,119.25082,7590.0,324.83083500000004
,19.67027777777778,38.82356,119.24238,7560.0,355.97766600000006
,19.67138888888889,38.82328,119.234314,7560.0,340.2341820000001
,19.6725,38.822716,119.22624,7560.0,341.59472999999997
,19.67388888888889,38.822437,119.21744,7530.0,371.13805800000006
,19.675,38.822155,119.20973,7530.0,325.26815400000004
,19.676111111111112,38.822155,119.20166,7530.0,340.088409
,19.677222222222223,38.822155,119.19322,7500.0,355.68612
,19.678333333333335,38.822716,119.18515,7500.0,341.448957
,19.679444444444446,38.82328,119.17671,7500.0,356.998077
,19.680555555555557,38.822998,119.169014,7500.0,324.685062
,19.681944444444447,38.822716,119.160576,7500.0,355.929075
,19.68305555555556,38.822998,119.15287,7500.0,325.1223810000001
,19.684166666666666,38.822437,119.14443,7500.0,356.94948600000004
,19.685277777777777,38.822155,119.13636,7500.0,340.428546
,19.68638888888889,38.821312,119.12829,7500.0,343.14964200000003
,19.6875,38.82019,119.120224,7500.0,345.287646
,19.68888888888889,38.819347,119.11215,7500.0,343.29541500000005
,19.69,38.818787,119.10408,7500.0,341.448957
,19.691111111111113,38.817944,119.09601,7500.0,343.14964200000003
,19.692222222222224,38.817665,119.08794,7500.0,340.428546
,19.693333333333335,38.816822,119.0795,7500.0,358.60158000000007
,19.694444444444446,38.81626,119.0718,7500.0,325.948428
,19.695833333333333,38.8157,119.06373,7500.0,341.448957
,19.696944444444444,38.8157,119.05566,7500.0,340.13700000000006
,19.698055555555555,38.814575,119.047585,7500.0,345.72496500000005
,19.699166666666667,38.814297,119.03988,7500.0,325.07379000000003
,19.700277777777778,38.813454,119.031815,7500.0,342.955278
,19.70138888888889,38.813454,119.02411,7500.0,324.73365300000006
,19.702777777777776,38.81261,119.01604,7500.0,343.1982330000001
,19.703888888888887,38.81205,119.007965,7500.0,341.691912
,19.705,38.81205,119.00026,7500.0,324.73365300000006
,19.70611111111111,38.81149,118.99256,7500.0,325.948428
,19.70722222222222,38.81093,118.98449,7500.0,341.497548
,19.708333333333332,38.810364,118.97642,7500.0,341.497548
,19.709444444444443,38.809242,118.968346,7500.0,345.676374
,19.710833333333333,38.80896,118.96064,7500.0,325.170972
,19.711944444444445,38.80896,118.952576,7500.0,339.894045
,19.713055555555556,38.809242,118.9445,7500.0,340.76868300000007
,19.714166666666667,38.809525,118.936066,7500.0,355.831893
,19.71527777777778,38.810085,118.92836,7500.0,326.19138300000003
,19.71638888888889,38.810646,118.920654,7500.0,326.239974
,19.717777777777776,38.81093,118.91222,7500.0,355.831893
,19.718888888888888,38.81149,118.904144,7500.0,341.74050300000005
,19.72,38.81205,118.89608,7500.0,341.25459300000006
,19.72111111111111,38.812893,118.88801,7500.0,343.1982330000001
,19.72222222222222,38.81317,118.87994,7500.0,340.477137
,19.723333333333333,38.813454,118.8715,7500.0,356.07484800000003
,19.72472222222222,38.813732,118.86343,7500.0,340.477137
,19.72583333333333,38.814297,118.855354,7500.0,341.74050300000005
,19.72694444444444,38.814575,118.84729,7500.0,340.185591
,19.728055555555553,38.815136,118.83922,7500.0,341.497548
,19.729166666666664,38.81542,118.83115,7500.0,340.477137
,19.730277777777776,38.81626,118.823074,7500.0,343.392597
,19.731666666666666,38.816822,118.81464,7500.0,356.75512200000003
,19.732777777777777,38.817665,118.806564,7500.0,343.392597
,19.733888888888888,38.817944,118.79849,7500.0,340.62291
,19.735,38.817944,118.79043,7500.0,339.69968100000006
,19.73611111111111,38.818226,118.78199,7500.0,356.02625700000004
,19.737222222222222,38.81907,118.77392,7500.0,343.14964200000003
,19.738333333333333,38.819347,118.76585,7500.0,340.428546
,19.739722222222223,38.81991,118.757774,7500.0,341.691912
,19.740833333333335,38.81991,118.7497,7500.0,340.282773
,19.741944444444446,38.82019,118.741264,7500.0,355.831893
,19.743055555555557,38.821033,118.7332,7500.0,342.90668700000003
,19.74416666666667,38.821312,118.72513,7500.0,340.428546
,19.74527777777778,38.822155,118.71706,7500.0,343.14964200000003
,19.746666666666666,38.822437,118.708984,7500.0,340.671501
,19.747777777777777,38.822998,118.70091,7500.0,341.59472999999997
,19.74888888888889,38.82328,118.69211,7500.0,371.13805800000006
,19.75,38.82412,118.68441,7500.0,327.64911300000006
,19.75111111111111,38.82468,118.67634,7500.0,341.400366
,19.7525,38.825523,118.6679,7500.0,358.552989
,19.753611111111113,38.825806,118.65983,7500.0,340.428546
,19.754722222222224,38.826366,118.65176,7500.0,341.400366
,19.75583333333333,38.826927,118.643684,7500.0,341.691912
,19.756944444444443,38.82777,118.63561,7500.0,343.29541500000005
,19.758055555555554,38.828053,118.62755,7500.0,339.99122700000004
,19.759166666666665,38.82889,118.61948,7500.0,343.05246
,19.760555555555555,38.82889,118.61104,7500.0,355.63752900000003
,19.761666666666667,38.829456,118.60333,7500.0,326.337156
,19.762777777777778,38.829456,118.594894,7500.0,355.49175600000007
,19.76388888888889,38.830017,118.58719,7500.0,326.04561000000007
,19.765,38.830578,118.579124,7500.0,341.25459300000006
,19.766111111111112,38.83114,118.57105,7500.0,341.59472999999997
,19.76722222222222,38.8317,118.56298,7500.0,341.400366
,19.76861111111111,38.83198,118.55454,7500.0,355.97766600000006
,19.76972222222222,38.83226,118.54647,7500.0,340.37995500000005
,19.770833333333332,38.832542,118.5384,7500.0,340.37995500000005
,19.771944444444443,38.833385,118.52996,7500.0,358.552989
,19.773055555555555,38.833664,118.5219,7500.0,339.94263600000005
,19.774166666666666,38.834507,118.51419,7500.0,328.03784100000007
,19.775555555555556,38.83479,118.50612,7500.0,340.37995500000005
,19.776666666666667,38.835068,118.49805,7500.0,340.37995500000005
,19.77777777777778,38.83591,118.489975,7500.0,343.246824
,19.778888888888886,38.836193,118.4819,7500.0,340.574319
,19.779999999999998,38.836754,118.47384,7500.0,340.963047
,19.78111111111111,38.837315,118.46577,7500.0,341.35177500000003
,19.7825,38.837875,118.45733,7500.0,356.90089500000005
,19.783611111111114,38.838158,118.44926,7500.0,340.37995500000005
,19.784722222222225,38.838436,118.441185,7500.0,340.574319
,19.785833333333336,38.839,118.43348,7500.0,326.04561000000007
,19.786944444444448,38.83928,118.42505,7500.0,355.49175600000007
,19.78805555555556,38.840122,118.41734,7500.0,328.03784100000007
,19.789444444444445,38.840405,118.40927,7500.0,340.33136400000006
,19.790555555555557,38.841244,118.4012,7500.0,343.003869
,19.791666666666668,38.841805,118.39349,7500.0,326.239974
,19.79277777777778,38.84237,118.385056,7500.0,356.65794000000005
,19.79388888888889,38.84293,118.37699,7500.0,341.157411
,19.795,38.84349,118.36892,7500.0,341.35177500000003
,19.796111111111113,38.84405,118.36085,7500.0,341.35177500000003
,19.797500000000003,38.844612,118.35314,7500.0,326.239974
,19.798611111111114,38.844894,118.3447,7500.0,355.8804840000001
,19.799722222222226,38.845177,118.33663,7500.0,340.33136400000006
,19.800833333333333,38.844894,118.3282,7500.0,355.49175600000007
,19.801944444444445,38.845455,118.32013,7500.0,341.35177500000003
,19.803055555555556,38.846016,118.31206,7500.0,341.303184
,19.804444444444446,38.84714,118.30435,7500.0,330.467391
,19.805555555555557,38.847702,118.296646,7500.0,325.948428
,19.80666666666667,38.848263,118.28821,7500.0,356.65794000000005
,19.80777777777778,38.848824,118.28051,7500.0,325.802655
,19.80888888888889,38.849106,118.27207,7500.0,355.8804840000001
,19.810000000000002,38.849384,118.264366,7500.0,324.879426
,19.81138888888889,38.84995,118.256294,7500.0,341.400366
,19.8125,38.85051,118.24822,7500.0,341.448957
,19.81361111111111,38.85107,118.24015,7500.0,341.303184
,19.814722222222223,38.85163,118.232086,7500.0,341.060229
,19.815833333333334,38.852192,118.224014,7500.0,341.400366
,19.816944444444445,38.852474,118.21594,7500.0,340.477137
,19.81833333333333,38.852757,118.207504,7500.0,355.68612
,19.819444444444443,38.853317,118.1998,7500.0,325.948428
,19.820555555555554,38.853878,118.19173,7500.0,341.303184
,19.821666666666665,38.854156,118.18366,7500.0,340.282773
,19.822777777777777,38.855,118.17559,7500.0,343.003869
,19.823888888888888,38.855843,118.16752,7500.0,342.955278
,19.825,38.856403,118.15945,7500.0,341.25459300000006
,19.82638888888889,38.856964,118.15174,7500.0,326.19138300000003
,19.8275,38.856964,118.14368,7500.0,339.50531700000005
,19.828611111111112,38.857246,118.13597,7500.0,325.1223810000001
,19.829722222222223,38.857807,118.12753,7500.0,356.803713
,19.830833333333334,38.858368,118.11983,7500.0,325.754064
,19.831944444444446,38.85865,118.111755,7500.0,340.477137
,19.833333333333332,38.85921,118.10406,7500.0,325.5111090000001
,19.834444444444443,38.859493,118.09562,7500.0,355.831893
,19.835555555555555,38.860054,118.08755,7500.0,341.25459300000006
,19.836666666666666,38.860615,118.079475,7500.0,341.448957
,19.837777777777777,38.861176,118.07177,7500.0,325.948428
,19.83888888888889,38.86202,118.0637,7500.0,342.955278
,19.840277777777775,38.86258,118.05563,7500.0,341.25459300000006
,19.841388888888886,38.86286,118.047195,7500.0,355.58893800000004
,19.842499999999998,38.863422,118.03949,7500.0,325.948428
,19.84361111111111,38.863705,118.03142,7500.0,340.2341820000001
,19.84472222222222,38.864265,118.023346,7500.0,341.400366
,19.84583333333333,38.864826,118.015274,7500.0,341.303184
,19.84722222222222,38.865387,118.00721,7500.0,340.963047
,19.848333333333333,38.865948,117.99914,7500.0,341.25459300000006
,19.849444444444444,38.86623,117.991066,7500.0,340.37995500000005
,19.850555555555555,38.86651,117.98336,7500.0,324.879426
,19.851666666666667,38.86679,117.97529,7500.0,340.2341820000001
,19.852777777777778,38.86735,117.96722,7500.0,341.206002
,19.85388888888889,38.867634,117.95915,7500.0,340.2341820000001
,19.85527777777778,38.867912,117.95108,7500.0,340.185591
,19.85638888888889,38.868477,117.94301,7500.0,341.25459300000006
,19.8575,38.868755,117.93494,7500.0,340.185591
,19.858611111111113,38.869038,117.926865,7500.0,340.428546
,19.859722222222224,38.8696,117.91879,7500.0,341.448957
,19.860833333333336,38.86988,117.911095,7500.0,324.442107
,19.862222222222222,38.87044,117.90266,7500.0,356.51216700000003
,19.863333333333333,38.87072,117.89568,7500.0,294.364278
,19.864444444444445,38.871002,117.88761,7500.0,340.185591
,19.865555555555556,38.871002,117.87954,7500.0,339.8454540000001
,19.866666666666667,38.871563,117.87184,7500.0,325.70547300000004
,19.86777777777778,38.872124,117.86377,7500.0,341.206002
,19.86916666666667,38.872684,117.8557,7500.0,341.206002
,19.87027777777778,38.87325,117.847626,7500.0,341.400366
,19.87138888888889,38.873528,117.839554,7500.0,340.282773
,19.8725,38.87409,117.83149,7500.0,340.963047
,19.87361111111111,38.87437,117.82342,7470.0,340.185591
,19.87472222222222,38.87493,117.81498,7440.0,356.706531
,19.87611111111111,38.875214,117.80654,7440.0,355.734711
,19.877222222222223,38.875492,117.798836,7410.0,324.782244
,19.878333333333334,38.876057,117.790764,7380.0,341.303184
,19.879444444444445,38.876335,117.782326,7380.0,355.63752900000003
,19.880555555555556,38.876896,117.77426,7350.0,341.011638
,19.881666666666668,38.87718,117.76619,7320.0,340.185591
,19.88277777777778,38.877457,117.75812,7280.0,340.13700000000006
,19.884166666666665,38.87802,117.75041,7250.0,326.09420100000006
,19.885277777777777,38.878582,117.74234,7250.0,341.157411
,19.886388888888888,38.879143,117.73464,7220.0,325.65688200000005
,19.8875,38.879143,117.72657,7190.0,339.79686300000003
,19.88861111111111,38.879704,117.7185,7190.0,341.157411
,19.889722222222222,38.879986,117.71079,7160.0,325.02519900000004
,19.891111111111112,38.880547,117.70272,7130.0,341.157411
,19.892222222222223,38.88083,117.69428,7130.0,355.734711
,19.893333333333334,38.881107,117.686584,7100.0,324.393516
,19.894444444444446,38.88139,117.67888,7070.0,324.73365300000006
,19.895555555555553,38.88195,117.67081,7070.0,341.157411
,19.896666666666665,38.88251,117.6631,7040.0,326.04561000000007
,19.898055555555555,38.88307,117.655396,7040.0,325.802655
,19.899166666666666,38.883354,117.646965,7010.0,355.345983
,19.900277777777777,38.883633,117.639626,6980.0,309.37889700000005
,19.90138888888889,38.884197,117.63192,6980.0,325.89983700000005
,19.9025,38.884758,117.62385,6950.0,341.157411
,19.90361111111111,38.885036,117.615776,6920.0,340.282773
,19.904999999999998,38.88588,117.60771,6920.0,342.66373200000004
,19.90611111111111,38.88644,117.600006,6890.0,325.802655
,19.90722222222222,38.887005,117.5923,6860.0,325.89983700000005
,19.90833333333333,38.887566,117.58423,6830.0,341.10882
,19.909444444444443,38.888126,117.57653,6800.0,325.60829100000007
,19.910555555555554,38.888687,117.56846,6800.0,341.10882
,19.911666666666665,38.88897,117.56075,6770.0,324.976608
,19.913055555555555,38.88981,117.55268,6740.0,342.80950500000006
,19.914166666666667,38.890373,117.54461,6740.0,341.10882
,19.915277777777778,38.891212,117.53654,6710.0,342.760914
,19.91638888888889,38.891777,117.52884,6680.0,325.60829100000007
,19.9175,38.892338,117.52077,6680.0,341.10882
,19.91861111111111,38.89318,117.512695,6640.0,343.003869
,19.92,38.89374,117.50462,6610.0,341.303184
,19.921111111111113,38.894302,117.49692,6610.0,325.60829100000007
,19.922222222222224,38.895424,117.48885,6580.0,345.14187300000003
,19.923333333333336,38.895985,117.48115,6580.0,325.5597
,19.924444444444447,38.89655,117.47344,6550.0,325.9970190000001
,19.925555555555558,38.89739,117.46537,6520.0,342.760914
,19.926944444444445,38.89823,117.45767,6520.0,327.30897600000003
,19.928055555555556,38.898792,117.4496,6490.0,341.060229
,19.929166666666667,38.899635,117.44226,6460.0,312.34294800000004
,19.93027777777778,38.900196,117.434555,6430.0,325.754064
,19.93138888888889,38.90104,117.42612,6430.0,358.01848800000005
,19.9325,38.901882,117.41805,6400.0,342.760914
,19.933888888888887,38.902443,117.40925,6370.0,371.67255900000004
,19.935,38.903847,117.40118,6370.0,348.105924
,19.93611111111111,38.905533,117.393105,6340.0,351.94461300000006
,19.93722222222222,38.907215,117.38503,6310.0,351.847431
,19.938333333333333,38.909462,117.37696,6310.0,360.788175
,19.939444444444444,38.91227,117.36816,6280.0,400.341249
,19.940555555555555,38.915077,117.36045,6280.0,358.261443
,19.941944444444445,38.91788,117.35275,6250.0,357.775533
,19.943055555555556,38.92097,117.34505,6220.0,364.626864
,19.944166666666668,38.924057,117.33734,6220.0,364.91841
,19.94527777777778,38.927708,117.33,6190.0,366.619095
,19.94638888888889,38.930515,117.32194,6160.0,371.57537700000006
,19.9475,38.933605,117.3146,6160.0,351.1671570000001
,19.948888888888888,38.93613,117.30689,6130.0,351.99320400000005
,19.95,38.938656,117.29882,6100.0,365.987412
,19.95111111111111,38.941463,117.29112,6070.0,357.775533
,19.952222222222222,38.94399,117.28342,6040.0,351.60447600000003
,19.953333333333333,38.946796,117.27608,6040.0,344.072871
,19.954444444444444,38.949604,117.26837,6000.0,358.164261
,19.95583333333333,38.952133,117.26104,5970.0,337.3187220000001
,19.956944444444442,38.954937,117.253334,5970.0,357.872715
,19.958055555555553,38.957745,117.245995,5940.0,344.02428
,19.959166666666665,38.960274,117.23866,5910.0,337.464495
,19.960277777777776,38.9628,117.23096,5910.0,351.50729400000006
,19.961388888888887,38.965607,117.22362,5880.0,344.02428
,19.962777777777777,38.968414,117.21592,5850.0,357.678351
,19.96388888888889,38.97094,117.20858,5850.0,337.56167700000003
,19.965,38.973747,117.200874,5820.0,357.872715
,19.96611111111111,38.976273,117.193535,5790.0,337.51308600000004
,19.96722222222222,38.97908,117.1862,5790.0,343.78132500000004
,19.96833333333333,38.981888,117.1785,5760.0,357.62976000000003
,19.96944444444444,38.984413,117.17116,5730.0,337.51308600000004
,19.97083333333333,38.98722,117.163826,5730.0,343.73273400000005
,19.971944444444443,38.99003,117.15612,5700.0,357.872715
,19.973055555555554,38.992558,117.148415,5670.0,351.60447600000003
,19.974166666666665,38.99536,117.14108,5640.0,343.58696100000003
,19.975277777777777,38.99789,117.13374,5610.0,337.56167700000003
,19.976388888888888,39.000698,117.1264,5610.0,343.927098
,19.977777777777778,39.003223,117.11907,5580.0,337.02717600000005
,19.978888888888886,39.00575,117.11173,5580.0,337.464495
,19.979999999999997,39.008556,117.10403,5550.0,357.483987
,19.981111111111108,39.011086,117.09706,5520.0,323.324514
,19.98222222222222,39.01389,117.08972,5520.0,343.78132500000004
,19.983333333333334,39.01642,117.08238,5490.0,337.464495
,19.984722222222224,39.019226,117.07468,5460.0,357.4353960000001
,19.985833333333336,39.02175,117.06771,5460.0,323.17874100000006
,19.986944444444447,39.024277,117.060005,5430.0,351.45870300000007
,19.988055555555558,39.027084,117.05303,5390.0,330.078663
,19.989166666666666,39.02961,117.0457,5390.0,336.9299940000001
,19.990277777777777,39.031857,117.03836,5390.0,331.48780200000004
,19.991666666666667,39.034664,117.030655,5390.0,357.581169
,19.99277777777778,39.03719,117.02369,5390.0,322.98437700000005
,19.99388888888889,39.039997,117.01635,5390.0,343.73273400000005
,19.995,39.042526,117.009384,5390.0,323.032968
,19.996111111111112,39.04477,117.002045,5390.0,331.34202899999997
,19.997222222222224,39.0473,116.99434,5390.0,351.410112
,19.998333333333335,39.049824,116.98737,5390.0,323.0815590000001
,19.999722222222225,39.05235,116.980034,5390.0,337.07576700000004
,20.000833333333333,39.05488,116.972694,5390.0,337.3187220000001
,20.001944444444444,39.057686,116.96573,5390.0,329.54416200000003
,20.003055555555555,39.06049,116.95802,5390.0,357.581169
,20.004166666666666,39.06302,116.95068,5390.0,337.27013100000005
,20.005277777777778,39.065544,116.94335,5390.0,336.78422100000006
,20.006666666666668,39.06807,116.93601,5390.0,337.172949
,20.00777777777778,39.0706,116.92867,5390.0,337.27013100000005
,20.00888888888889,39.073406,116.92097,5390.0,357.19244100000003
,20.01,39.07621,116.914,5390.0,329.64134400000006
,20.011111111111113,39.078457,116.906296,5390.0,345.57919200000003
,20.01222222222222,39.081264,116.89896,5390.0,343.441188
,20.013333333333332,39.08379,116.891624,5390.0,336.978585
,20.014722222222222,39.08632,116.88392,5390.0,351.215748
,20.015833333333333,39.088844,116.87658,5390.0,337.07576700000004
,20.016944444444444,39.09137,116.86925,5390.0,336.687039
,20.018055555555556,39.094177,116.86191,5390.0,343.53837
,20.019166666666667,39.096706,116.85457,5390.0,337.12435800000003
,20.020555555555553,39.09951,116.84687,5390.0,357.04666800000007
,20.021666666666665,39.10204,116.83953,5390.0,337.12435800000003
,20.022777777777776,39.104565,116.831825,5390.0,351.06997500000006
,20.023888888888887,39.10709,116.82486,5390.0,322.69283100000007
,20.025,39.10962,116.81752,5390.0,337.12435800000003
,20.02611111111111,39.112144,116.809814,5390.0,351.06997500000006
,20.02722222222222,39.11467,116.80211,5390.0,351.02138400000007
,20.02861111111111,39.1172,116.79478,5390.0,336.687039
,20.029722222222222,39.119724,116.7878,5390.0,323.17874100000006
,20.030833333333334,39.12253,116.78047,5390.0,343.003869
,20.033055555555556,39.127865,116.76506,5390.0,708.1166430000001
,20.034166666666668,39.13011,116.75772,5390.0,331.050483
,20.035555555555558,39.13292,116.75039,5390.0,343.05246
,20.03666666666667,39.135445,116.74305,5390.0,336.88140300000003
,20.03777777777778,39.13797,116.73498,5390.0,365.112774
,20.03888888888889,39.140778,116.72727,5390.0,357.33821400000005
,20.040000000000003,39.143307,116.71994,5390.0,336.54126600000006
,20.041111111111114,39.145832,116.7126,5390.0,336.83281200000005
,20.0425,39.14808,116.704895,5390.0,345.33623700000004
,20.04361111111111,39.150887,116.69793,5390.0,329.25261600000005
,20.044722222222223,39.15313,116.69059,5390.0,330.953301
,20.045833333333334,39.15566,116.68325,5390.0,336.9299940000001
,20.046944444444446,39.158463,116.67592,5390.0,342.80950500000006
,20.048055555555557,39.16127,116.66821,5390.0,357.241032
,20.049444444444447,39.1638,116.66087,5390.0,336.88140300000003
,20.050555555555555,39.166325,116.65354,5390.0,336.39549300000004
,20.051666666666666,39.169132,116.646935,5390.0,315.89009100000004
,20.052777777777777,39.1725,116.63997,5390.0,344.21864400000004
,20.05388888888889,39.17643,116.63373,5390.0,337.12435800000003
,20.055,39.181202,116.62786,5390.0,356.65794000000005
,20.05611111111111,39.186256,116.62273,5390.0,347.862969
,20.0575,39.19187,116.61906,5390.0,340.428546
,20.058611111111112,39.198326,116.61575,5390.0,375.7542030000001
,20.059722222222224,39.204502,116.61318,5390.0,351.02138400000007
,20.060833333333335,39.21124,116.61135,5390.0,372.450015
,20.061944444444446,39.21798,116.610985,5360.0,364.91841
,20.063055555555557,39.224434,116.61025,5360.0,350.438292
,20.064444444444444,39.23117,116.61208,5330.0,372.35283300000003
,20.065555555555555,39.238472,116.613556,5300.0,399.806748
,20.066666666666666,39.24549,116.616486,5270.0,398.98070100000007
,20.067777777777778,39.251663,116.62089,5270.0,381.48794100000003
,20.06888888888889,39.25784,116.62639,5240.0,405.8320320000001
,20.07,39.263454,116.63153,5210.0,372.20706
,20.07138888888889,39.26879,116.6374,5210.0,379.106982
,20.072499999999998,39.274124,116.64363,5180.0,388.97095500000006
,20.07361111111111,39.278896,116.65024,5180.0,378.475299
,20.07472222222222,39.283947,116.65684,5150.0,388.58222700000005
,20.075833333333332,39.289,116.66308,5120.0,378.086571
,20.076944444444443,39.294056,116.668945,5120.0,367.542324
,20.078333333333333,39.299107,116.67481,5090.0,367.29936900000007
,20.079444444444444,39.30416,116.68069,5060.0,367.78527900000006
,20.080555555555556,39.309494,116.686554,5030.0,378.766845
,20.081666666666667,39.31455,116.692795,5030.0,378.183753
,20.08277777777778,39.3196,116.69866,5030.0,367.250778
,20.083888888888886,39.324936,116.704895,4970.0,389.06813700000004
,20.084999999999997,39.329987,116.7104,4970.0,357.33821400000005
,20.086388888888887,39.33504,116.71627,4910.0,367.44514200000003
,20.0875,39.340374,116.72177,4910.0,369.048645
,20.08861111111111,39.345707,116.72764,4880.0,378.81543600000003
,20.08972222222222,39.35048,116.73351,4880.0,356.26921200000004
,20.090833333333332,39.355816,116.73938,4850.0,378.91261800000007
,20.091944444444444,39.36115,116.74488,4820.0,369.000054
,20.093333333333334,39.36648,116.75039,4820.0,369.09723600000007
,20.094444444444445,39.372097,116.75589,4790.0,381.05062200000003
,20.095555555555553,39.37799,116.76066,4750.0,375.99715800000007
,20.096666666666664,39.384167,116.76433,4720.0,367.6880970000001
,20.097777777777775,39.390625,116.76763,4720.0,375.55983900000007
,20.098888888888887,39.39736,116.76946,4690.0,372.25565100000006
,20.10027777777778,39.4041,116.77129,4690.0,372.498606
,20.10138888888889,39.411118,116.7724,4660.0,382.459761
,20.102500000000003,39.418137,116.772766,4630.0,379.9816200000001
,20.103611111111114,39.424873,116.7724,4630.0,364.675455
,20.104722222222225,39.431328,116.77313,4600.0,350.4868830000001
,20.105833333333333,39.438347,116.7724,4600.0,380.904849
,20.107222222222223,39.445644,116.77056,4570.0,402.13911600000006
,20.108333333333334,39.452385,116.76946,4540.0,367.493733
,20.109444444444446,39.45912,116.768364,4510.0,367.15359600000005
,20.110555555555557,39.46586,116.768364,4480.0,364.578273
,20.111666666666668,39.472595,116.76763,4450.0,365.598684
,20.11277777777778,39.479614,116.76763,4450.0,379.69007400000004
,20.11388888888889,39.48607,116.76689,4420.0,350.58406500000007
,20.11527777777778,39.492527,116.766525,4390.0,349.6122450000001
,20.116388888888892,39.499264,116.76616,4390.0,364.7240460000001
,20.1175,39.506,116.76616,4360.0,364.3353180000001
,20.11861111111111,39.51274,116.76579,4330.0,364.91841
,20.119722222222222,39.518917,116.76543,4300.0,334.451853
,20.120833333333334,39.52537,116.764694,4300.0,350.38970100000006
,20.122222222222224,39.53211,116.76433,4270.0,364.86981900000006
,20.123333333333335,39.538567,116.76396,4240.0,349.6122450000001
,20.124444444444446,39.545303,116.763596,4210.0,364.675455
,20.125555555555557,39.55176,116.76286,4180.0,350.63265600000005
,20.12666666666667,39.558216,116.76249,4180.0,349.56365400000004
,20.12777777777778,39.564674,116.76212,4150.0,349.660836
,20.129166666666666,39.57113,116.76176,4110.0,349.51506300000005
,20.130277777777778,39.57787,116.76139,4080.0,364.91841
,20.13138888888889,39.584045,116.761024,4050.0,334.35467100000005
,20.1325,39.5905,116.76066,4020.0,349.466472
,20.13361111111111,39.596676,116.76029,3990.0,334.40326200000004
,20.134722222222223,39.603134,116.76029,3960.0,349.32069900000005
,20.13611111111111,39.60987,116.759926,3960.0,364.675455
,20.13722222222222,39.616325,116.75956,3930.0,349.51506300000005
,20.138333333333332,39.622784,116.75919,3900.0,349.70942700000006
,20.139444444444443,39.629242,116.75883,3870.0,349.660836
,20.140555555555554,39.635418,116.75883,3840.0,334.063125
,20.141666666666666,39.642155,116.75846,3810.0,364.7240460000001
,20.142777777777777,39.64861,116.75809,3810.0,349.51506300000005
,20.144166666666667,39.654785,116.75772,3780.0,334.35467100000005
,20.14527777777778,39.661243,116.757355,3750.0,349.660836
,20.14638888888889,39.66742,116.75699,3750.0,334.451853
,20.1475,39.673874,116.75662,3720.0,349.466472
,20.148611111111112,39.680332,116.756256,3690.0,349.660836
,20.149722222222223,39.68679,116.75589,3660.0,349.660836
,20.15111111111111,39.692966,116.75552,3630.0,334.40326200000004
,20.15222222222222,39.69942,116.75516,3630.0,349.417881
,20.153333333333332,39.705597,116.75479,3460.0,334.5004440000001
,20.154444444444444,39.711773,116.75479,3430.0,334.063125
,20.155555555555555,39.71795,116.754425,3400.0,334.451853
,20.156666666666666,39.724125,116.75405,3360.0,334.35467100000005
,20.158055555555553,39.7303,116.753685,3360.0,334.35467100000005
,20.159166666666664,39.736477,116.75332,3330.0,334.451853
,20.160277777777775,39.742374,116.75295,3330.0,319.340052
,20.161388888888887,39.74827,116.75222,3300.0,320.36046300000004
,20.162499999999998,39.753883,116.751854,3300.0,303.98529600000006
,20.16361111111111,39.759777,116.751854,3270.0,318.80555100000004
,20.165,39.765675,116.75112,3240.0,320.506236
,20.16611111111111,39.771286,116.750755,3240.0,303.88811400000003
,20.16722222222222,39.7769,116.75039,3210.0,304.03388700000005
,20.168333333333333,39.782516,116.75002,3180.0,304.17966
,20.169444444444444,39.78841,116.74928,3150.0,320.311872
,20.170555555555556,39.794025,116.74928,3120.0,303.74234100000007
,20.171944444444446,39.799923,116.74892,3090.0,319.38864300000006
,20.173055555555557,39.805256,116.74855,3060.0,288.87349500000005
,20.174166666666668,39.81087,116.748184,3030.0,304.03388700000005
,20.17527777777778,39.816483,116.74782,3000.0,303.98529600000006
,20.17638888888889,39.822098,116.74782,2940.0,303.74234100000007
,20.177500000000002,39.827713,116.74745,2910.0,304.1310690000001
,20.178611111111113,39.833046,116.747086,2910.0,288.87349500000005
,20.18,39.83866,116.74672,2910.0,304.03388700000005
,20.18111111111111,39.844276,116.74635,2910.0,304.17966
,20.182222222222222,39.85017,116.74635,2850.0,318.80555100000004
,20.183333333333334,39.855503,116.74599,2820.0,288.87349500000005
,20.184444444444445,39.86084,116.74599,2820.0,288.679131
,20.185555555555556,39.866173,116.74562,2790.0,288.87349500000005
,20.186944444444446,39.871227,116.74562,2760.0,273.372966
,20.188055555555557,39.87684,116.74562,2760.0,303.59656800000005
,20.189166666666665,39.882175,116.74562,2720.0,288.581949
,20.190277777777776,39.88751,116.74562,2720.0,288.581949
,20.191388888888888,39.893124,116.74562,2720.0,303.64515900000004
,20.1925,39.898174,116.74562,2720.0,273.178602
,20.19388888888889,39.903507,116.74525,2720.0,288.87349500000005
,20.195,39.908844,116.74525,2720.0,288.679131
,20.19611111111111,39.913895,116.74525,2720.0,273.227193
,20.197222222222223,39.91923,116.74525,2720.0,288.581949
,20.198333333333334,39.924564,116.74488,2720.0,288.92208600000004
,20.199444444444445,39.929897,116.74415,2720.0,290.03967900000004
,20.200555555555553,39.93467,116.74268,2690.0,265.25826900000004
,20.201944444444443,39.93944,116.74011,2690.0,279.155295
,20.203055555555554,39.94393,116.73682,2660.0,278.57220300000006
,20.204166666666666,39.947865,116.73278,2660.0,270.894825
,20.205277777777777,39.95151,116.72801,2630.0,279.301068
,20.20638888888889,39.9546,116.7225,2600.0,283.09116600000004
,20.2075,39.95741,116.717,2570.0,274.05324
,20.20888888888889,39.960217,116.7115,2540.0,273.956058
,20.21,39.963303,116.70637,2540.0,270.360324
,20.211111111111112,39.96611,116.701225,2510.0,261.808308
,20.21222222222222,39.968918,116.69646,2510.0,249.17464800000005
,20.21333333333333,39.972286,116.692055,2480.0,257.92102800000004
,20.214444444444442,39.975655,116.68729,2480.0,268.75682100000006
,20.215833333333332,39.978745,116.682884,2450.0,247.571145
,20.216944444444444,39.982113,116.67848,2450.0,257.872437
,20.218055555555555,39.9852,116.67408,2420.0,247.27959900000002
,20.219166666666666,39.988567,116.66968,2420.0,257.72666399999997
,20.220277777777778,39.991657,116.665276,2420.0,247.47396300000003
,20.22138888888889,39.995026,116.66087,2420.0,257.9696190000001
,20.222777777777775,39.99755,116.654274,2420.0,305.54020800000006
,20.223888888888887,40.00036,116.64987,2420.0,237.51280800000004
,20.224999999999998,40.003727,116.6462,2420.0,237.26985300000004
,20.22611111111111,40.006535,116.64253,2420.0,214.91799300000005
,20.22722222222222,40.009624,116.6385,2390.0,236.200851
,20.22833333333333,40.01271,116.63483,2390.0,225.80237700000004
,20.229444444444443,40.01552,116.631165,2360.0,214.82081100000002
,20.230833333333333,40.01861,116.627495,2360.0,225.94815000000003
,20.231944444444444,40.02141,116.623825,2330.0,214.57785600000003
,20.233055555555556,40.0245,116.620155,2300.0,225.94815000000003
,20.234166666666667,40.02731,116.61685,2300.0,204.56811000000002
,20.235277777777778,40.030396,116.61318,2270.0,225.75378600000002
,20.23638888888889,40.032925,116.609886,2240.0,193.19781600000005
,20.23777777777778,40.03601,116.60658,2240.0,215.84122200000002
,20.23888888888889,40.0391,116.60291,2210.0,225.899559
,20.240000000000002,40.04191,116.59924,2180.0,214.96658400000004
,20.241111111111113,40.044994,116.59595,2150.0,215.40390300000004
,20.242222222222225,40.047802,116.59228,2150.0,214.869402
,20.243333333333336,40.050888,116.58861,2120.0,225.75378600000002
,20.244722222222222,40.053696,116.585304,2080.0,204.47092800000004
,20.245833333333334,40.056786,116.581635,2050.0,225.85096800000002
,20.246944444444445,40.059593,116.577965,2050.0,214.82081100000002
,20.248055555555556,40.0624,116.5743,2020.0,214.67503800000003
,20.249166666666667,40.06521,116.57027,1990.0,225.70519500000003
,20.25027777777778,40.068295,116.5666,1990.0,225.65660400000002
,20.251666666666665,40.071384,116.56293,1960.0,225.80237700000004
,20.252777777777776,40.07447,116.558525,1930.0,247.18241700000004
,20.253888888888888,40.07728,116.55559,1930.0,194.55836399999998
,20.255,40.081207,116.55339,1900.0,231.09879600000002
,20.25611111111111,40.084858,116.55009,1870.0,240.08813100000003
,20.2575,40.089348,116.54899,1870.0,247.085235
,20.25861111111111,40.09412,116.54899,1840.0,258.115392
,20.259722222222223,40.098892,116.54789,1810.0,262.099854
,20.260833333333334,40.103104,116.54642,1780.0,235.812123
,20.261944444444445,40.107033,116.54532,1750.0,217.347543
,20.263055555555557,40.111244,116.54385,1720.0,235.76353200000003
,20.264166666666668,40.115456,116.542015,1690.0,240.136722
,20.265555555555554,40.119385,116.54055,1660.0,220.991868
,20.266666666666666,40.123318,116.539085,1630.0,221.18623200000002
,20.267777777777777,40.12753,116.53725,1600.0,240.136722
,20.26888888888889,40.13146,116.53578,1570.0,221.08905000000001
,20.27,40.13511,116.53394,1510.0,211.56521400000003
,20.27111111111111,40.139038,116.53248,1470.0,220.894686
,20.272499999999997,40.142685,116.53101,1440.0,206.414568
,20.27361111111111,40.146618,116.529175,1410.0,225.85096800000002
,20.27472222222222,40.150265,116.52734,1380.0,211.37085000000002
,20.27583333333333,40.153915,116.52551,1350.0,211.419441
,20.276944444444442,40.157845,116.523674,1320.0,225.70519500000003
,20.278055555555554,40.161495,116.52184,1290.0,211.468032
,20.279444444444444,40.165146,116.52037,1260.0,206.608932
,20.280555555555555,40.168793,116.518906,1230.0,206.36597700000002
,20.281666666666666,40.172726,116.51817,1200.0,214.91799300000005
,20.282777777777778,40.176937,116.51854,1200.0,228.28051800000003
,20.28388888888889,40.180866,116.52074,1200.0,231.147387
,20.285,40.185078,116.522575,1200.0,240.136722
,20.28638888888889,40.188725,116.52404,1200.0,206.36597700000002
,20.2875,40.192936,116.52588,1200.0,240.136722
,20.288611111111113,40.196587,116.52771,1170.0,211.468032
,20.289722222222224,40.200516,116.529175,1170.0,220.991868
,20.290833333333335,40.204445,116.53065,1140.0,221.08905000000001
,20.291944444444447,40.208378,116.53211,1110.0,221.13764100000003
,20.293055555555558,40.212025,116.53321,1110.0,202.43010600000002
,20.294444444444448,40.215958,116.53468,1050.0,221.234823
,20.295555555555556,40.219604,116.53578,1050.0,202.381515
,20.296666666666667,40.223537,116.53725,1050.0,221.234823
,20.297777777777778,40.227184,116.53872,1050.0,206.414568
,20.29888888888889,40.230553,116.54092,960.0,203.64488100000003
,20.3,40.23392,116.54349,960.0,210.78775800000003
,20.30138888888889,40.23645,116.54715,930.0,203.88783600000002
,20.302500000000002,40.238415,116.55155,900.0,210.496212
,20.303611111111113,40.23982,116.555954,870.0,197.08509600000002
,20.304722222222225,40.24038,116.5611,870.0,214.626447
,20.305833333333332,40.24038,116.565865,830.0,196.744959
,20.306944444444444,40.239258,116.57027,800.0,191.74008600000002
,20.308333333333334,40.238132,116.5743,770.0,177.21137700000003
,20.309444444444445,40.235886,116.5776,770.0,182.556387
,20.310555555555556,40.232517,116.58017,740.0,210.88494000000003
,20.311666666666667,40.229992,116.58237,710.0,164.04321600000003
,20.31277777777778,40.227184,116.58457,710.0,176.96842200000003
,20.31388888888889,40.224377,116.58714,680.0,185.277483
,20.31527777777778,40.22185,116.588974,650.0,156.26865600000002
,20.31638888888889,40.219326,116.59117,620.0,163.897443
,20.3175,40.216797,116.593376,620.0,164.383353
,20.31861111111111,40.21427,116.59521,620.0,156.26865600000002
,20.31972222222222,40.211464,116.59668,620.0,163.460124
,20.320833333333333,40.208656,116.59741,620.0,154.859517
,20.321944444444444,40.20585,116.59778,620.0,152.527149
,20.323333333333334,40.202763,116.59778,620.0,166.95867600000003
,20.324444444444445,40.199673,116.59778,620.0,167.15304
,20.325555555555557,40.196587,116.59778,620.0,166.91008500000004
,20.326666666666668,40.193497,116.59778,620.0,167.15304
,20.32777777777778,40.19041,116.59778,620.0,166.95867600000003
,20.328888888888887,40.18732,116.59851,620.0,169.82554499999998
,20.330277777777777,40.184513,116.59888,620.0,152.624331
,20.33138888888889,40.181427,116.59961,620.0,169.63118100000003
,20.3325,40.178337,116.599976,590.0,167.83331400000003
,20.33361111111111,40.175533,116.600716,560.0,154.71374400000002
,20.334722222222222,40.172726,116.60108,560.0,152.57574000000002
,20.335833333333333,40.169636,116.60145,530.0,167.83331400000003
,20.33722222222222,40.16683,116.60218,530.0,154.762335
,20.33833333333333,40.163742,116.60218,470.0,167.05585800000003
,20.339444444444442,40.160934,116.60255,470.0,152.672922
,20.340555555555554,40.15841,116.60328,440.0,139.844898
,20.341666666666665,40.1556,116.603645,440.0,152.72151300000002
,20.342777777777776,40.153072,116.60438,410.0,140.08785300000002
,20.344166666666666,40.150547,116.60475,410.0,137.41534800000002
,20.345277777777778,40.14774,116.60512,380.0,152.624331
,20.34638888888889,40.14493,116.605484,380.0,152.72151300000002
,20.3475,40.142406,116.60622,350.0,139.89348900000002
,20.34861111111111,40.1396,116.60658,350.0,152.527149
,20.349722222222223,40.13679,116.60658,320.0,151.99264800000003
,20.350833333333334,40.133984,116.60695,320.0,152.527149
,20.352222222222224,40.13146,116.60768,290.0,139.844898
,20.353333333333335,40.128933,116.60805,290.0,137.561121
,20.354444444444447,40.126125,116.60841,260.0,152.624331
,20.355555555555558,40.123318,116.60915,260.0,154.908108
,20.35666666666667,40.12051,116.60952,230.0,152.672922
,20.35777777777778,40.117985,116.609886,230.0,137.41534800000002
,20.359166666666667,40.115177,116.61062,190.0,154.908108
,20.360277777777778,40.112087,116.610985,160.0,167.83331400000003
,20.36138888888889,40.10928,116.61135,160.0,152.57574000000002
,20.3625,40.106472,116.61208,130.0,154.859517
,20.363611111111112,40.103386,116.612816,100.0,169.67977200000004
,20.364722222222223,40.100296,116.61318,100.0,167.83331400000003
