91,CCA1869054,B733,D,ZBAA,ZSLQ,19        
,16.895833333333332,40.055943,116.62676,470.0,218.999637
,16.896944444444443,40.05454,116.63079,470.0,183.28525199999999
,16.898055555555555,40.053135,116.634094,530.0,156.51161100000002
,16.899166666666666,40.05229,116.63813,560.0,173.226915
,16.900555555555552,40.050888,116.64253,560.0,197.32805100000002
,16.901666666666664,40.049484,116.6462,590.0,169.87413600000005
,16.902777777777775,40.047802,116.65134,590.0,231.43893300000002
,16.903888888888886,40.0464,116.65537,620.0,183.28525199999999
,16.904999999999998,40.044994,116.66014,620.0,211.662396
,16.90611111111111,40.04359,116.66454,680.0,197.376642
,16.9075,40.042187,116.668945,710.0,197.571006
,16.90861111111111,40.03966,116.676285,710.0,333.285669
,16.90972222222222,40.037975,116.68252,740.0,273.810285
,16.910833333333333,40.036293,116.68839,770.0,259.573122
,16.911944444444444,40.034607,116.69426,800.0,259.670304
,16.913055555555555,40.032925,116.70013,800.0,259.573122
,16.914166666666667,40.030956,116.70637,830.0,279.54402300000004
,16.915555555555553,40.029274,116.71333,900.0,302.28461100000004
,16.916666666666668,40.027027,116.719574,930.0,285.763671
,16.91777777777778,40.025345,116.72544,930.0,259.42734900000005
,16.91888888888889,40.02338,116.732414,930.0,307.823985
,16.92,40.021694,116.73901,930.0,288.04744800000003
,16.921111111111113,40.01973,116.74562,930.0,293.6840040000001
,16.9225,40.018044,116.751854,960.0,273.858876
,16.92361111111111,40.01636,116.75809,960.0,273.907467
,16.924722222222222,40.014957,116.76433,960.0,269.388504
,16.925833333333333,40.012993,116.77093,1020.0,293.34386700000005
,16.926944444444445,40.01103,116.77717,1020.0,279.49543200000005
,16.928055555555556,40.009342,116.78377,1050.0,288.290403
,16.929444444444446,40.007656,116.79001,1080.0,274.15042200000005
,16.930555555555557,40.00569,116.795876,1080.0,265.30686000000003
,16.93166666666667,40.004288,116.80248,1110.0,283.917213
,16.93277777777778,40.002323,116.808716,1110.0,279.39825
,16.933888888888887,40.00092,116.81495,1140.0,269.24273100000005
,16.935,39.998955,116.82119,1170.0,279.54402300000004
,16.93638888888889,39.997272,116.82742,1170.0,273.71310300000005
,16.9375,39.995308,116.833664,1200.0,279.689796
,16.93861111111111,39.993904,116.8399,1200.0,269.339913
,16.939722222222223,39.992218,116.84613,1200.0,273.810285
,16.940833333333334,39.990532,116.85274,1260.0,288.727722
,16.941944444444445,39.988567,116.85897,1290.0,279.203886
,16.943055555555556,39.987164,116.86521,1290.0,269.534277
,16.944444444444446,39.9852,116.87181,1320.0,293.441049
,16.945555555555554,39.982956,116.877686,1350.0,272.10960000000006
,16.946666666666665,39.980427,116.88319,1350.0,265.987134
,16.947777777777777,39.97706,116.887955,1380.0,268.659639
,16.948888888888888,39.97313,116.89236,1410.0,280.22429700000004
,16.95,39.968918,116.89603,1410.0,273.956058
,16.95138888888889,39.963585,116.898224,1440.0,302.47897500000005
,16.9525,39.959373,116.900795,1440.0,251.55560700000007
,16.953611111111112,39.955162,116.90189,1440.0,232.26498
,16.954722222222223,39.950108,116.902626,1510.0,275.07365100000004
,16.95583333333333,39.944496,116.90373,1510.0,306.99793800000003
,16.956944444444442,39.93944,116.90373,1540.0,273.470148
,16.958333333333332,39.93411,116.90373,1570.0,288.290403
,16.959444444444443,39.929337,116.9041,1570.0,258.649893
,16.960555555555555,39.924564,116.904465,1600.0,258.60130200000003
,16.961666666666666,39.91923,116.90483,1630.0,288.92208600000004
,16.962777777777777,39.914455,116.90483,1660.0,258.309756
,16.96388888888889,39.909405,116.9052,1660.0,273.615921
,16.96527777777778,39.90407,116.90593,1690.0,290.185452
,16.96638888888889,39.899017,116.90703,1720.0,277.11447300000003
,16.967499999999998,39.893963,116.907394,1720.0,273.810285
,16.96861111111111,39.888912,116.908134,1720.0,274.927878
,16.96972222222222,39.883858,116.90887,1780.0,275.07365100000004
,16.97083333333333,39.879368,116.90923,1780.0,243.34372800000003
,16.971944444444443,39.874596,116.9096,1810.0,258.60130200000003
,16.973333333333333,39.86926,116.909966,1810.0,289.01926800000007
,16.974444444444444,39.86477,116.91033,1840.0,243.34372800000003
,16.975555555555555,39.859715,116.9107,1870.0,273.858876
,16.976666666666667,39.854103,116.9118,1900.0,306.99793800000003
,16.977777777777778,39.84905,116.91254,1960.0,275.02506
,16.978888888888886,39.844555,116.9129,2020.0,243.586683
,16.980277777777776,39.840065,116.91327,2080.0,243.34372800000003
,16.981388888888887,39.83501,116.913635,2120.0,273.858876
,16.982499999999998,39.829678,116.9151,2180.0,294.753006
,16.983611111111113,39.824627,116.91583,2240.0,274.87928700000003
,16.984722222222224,39.819572,116.9162,2300.0,273.858876
,16.985833333333336,39.814518,116.91694,2390.0,275.122242
,16.987222222222222,39.809467,116.91767,2450.0,274.87928700000003
,16.988333333333333,39.804413,116.9184,2450.0,275.07365100000004
,16.989444444444445,39.79908,116.919136,2570.0,290.08827
,16.990555555555556,39.794025,116.9195,2600.0,273.858876
,16.991666666666667,39.788975,116.91987,2660.0,273.615921
,16.99277777777778,39.783638,116.9206,2690.0,290.2826340000001
,16.99416666666667,39.778587,116.92134,2760.0,274.927878
,16.99527777777778,39.773533,116.92207,2820.0,275.07365100000004
,16.99638888888889,39.7682,116.922806,2850.0,290.08827
,16.997500000000002,39.762867,116.92317,2910.0,288.87349500000005
,16.998611111111114,39.75725,116.92354,2970.0,304.22825100000006
,16.999722222222225,39.752197,116.92427,3030.0,275.02506
,17.000833333333333,39.746864,116.925,3170.0,290.03967900000004
,17.002222222222223,39.74153,116.92574,3200.0,290.136861
,17.003333333333334,39.7362,116.92611,3230.0,288.727722
,17.004444444444445,39.7303,116.92684,3260.0,320.60341800000003
,17.005555555555556,39.724968,116.92721,3260.0,288.82490400000006
,17.006666666666668,39.719353,116.92794,3290.0,305.248662
,17.00777777777778,39.71346,116.92904,3380.0,322.012557
,17.009166666666665,39.70756,116.92977,3410.0,320.60341800000003
,17.010277777777777,39.701385,116.93051,3470.0,335.423673
,17.011388888888888,39.69549,116.931244,3510.0,320.311872
,17.0125,39.689316,116.93198,3570.0,335.3750820000001
,17.01361111111111,39.683422,116.93271,3630.0,320.26328100000006
,17.014722222222222,39.677525,116.93344,3660.0,320.409054
,17.016111111111112,39.67135,116.93417,3720.0,335.3750820000001
,17.01722222222222,39.665455,116.93491,3720.0,320.36046300000004
,17.01833333333333,39.65928,116.935646,3810.0,335.423673
,17.019444444444442,39.653103,116.93601,3870.0,334.451853
,17.020555555555553,39.646927,116.936745,3930.0,335.47226400000005
,17.021666666666665,39.64075,116.93748,3990.0,335.52085500000004
,17.023055555555555,39.634853,116.93821,4050.0,320.409054
,17.024166666666666,39.628677,116.93895,4080.0,335.47226400000005
,17.025277777777777,39.622223,116.939316,4150.0,349.417881
,17.02638888888889,39.616325,116.94005,4210.0,320.506236
,17.0275,39.60987,116.94078,4270.0,350.4868830000001
,17.02861111111111,39.603973,116.94151,4330.0,320.409054
,17.029722222222222,39.59752,116.942245,4360.0,350.38970100000006
,17.03111111111111,39.591343,116.94298,4480.0,335.52085500000004
,17.03222222222222,39.585167,116.94372,4540.0,335.47226400000005
,17.033333333333335,39.57871,116.94445,4600.0,350.58406500000007
,17.034444444444446,39.572533,116.94555,4660.0,337.27013100000005
,17.035555555555558,39.566357,116.945915,4720.0,334.40326200000004
,17.03666666666667,39.56018,116.94665,4790.0,335.52085500000004
,17.03805555555556,39.554005,116.94738,4850.0,335.3750820000001
,17.039166666666667,39.54755,116.94812,4910.0,350.535474
,17.040277777777778,39.541374,116.94885,4970.0,335.47226400000005
,17.04138888888889,39.5352,116.949585,5000.0,335.3750820000001
,17.0425,39.52874,116.95032,5060.0,350.7784290000001
,17.04361111111111,39.522846,116.95105,5120.0,320.26328100000006
,17.045,39.516388,116.951416,5180.0,349.660836
,17.046111111111113,39.510494,116.95178,5240.0,319.19427900000005
,17.047222222222224,39.50432,116.95252,5240.0,335.3750820000001
,17.048333333333336,39.49842,116.95105,5240.0,324.976608
,17.049444444444447,39.491684,116.95252,5390.0,369.485964
,17.050555555555555,39.48523,116.953255,5460.0,350.438292
,17.051666666666666,39.479053,116.953255,5490.0,334.11171600000006
,17.053055555555556,39.472878,116.953255,5580.0,334.014534
,17.054166666666667,39.4667,116.95362,5640.0,334.5004440000001
,17.05527777777778,39.460243,116.95362,5670.0,349.272108
,17.05638888888889,39.453506,116.95399,5730.0,364.7240460000001
,17.0575,39.44733,116.95435,5760.0,334.40326200000004
,17.058611111111112,39.440872,116.95472,5820.0,349.660836
,17.060000000000002,39.434418,116.95545,5850.0,350.438292
,17.061111111111114,39.42824,116.956184,5880.0,335.569446
,17.06222222222222,39.421505,116.956924,5880.0,365.598684
,17.063333333333333,39.415047,116.95802,5910.0,352.33334099999996
,17.064444444444444,39.408592,116.95912,5940.0,352.18756800000006
,17.065555555555555,39.40129,116.95802,5940.0,397.6201530000001
,17.066944444444445,39.394836,116.95949,5970.0,354.47134500000004
,17.068055555555556,39.388096,116.96096,6000.0,369.7289190000001
,17.069166666666668,39.38136,116.962425,6000.0,369.485964
,17.07027777777778,39.374622,116.963524,6000.0,367.34796
,17.07138888888889,39.367603,116.96462,6000.0,382.4111700000001
,17.072499999999998,39.360588,116.96573,6000.0,382.265397
,17.073888888888888,39.353287,116.96646,6000.0,396.11383200000006
,17.075,39.34655,116.96719,6000.0,365.695866
,17.07611111111111,39.33953,116.967926,6000.0,380.95344000000006
,17.077222222222222,39.332516,116.969025,6000.0,382.16821500000003
,17.078333333333333,39.325497,116.969765,6000.0,380.904849
,17.079444444444444,39.318478,116.9705,6000.0,380.904849
,17.080833333333334,39.31174,116.971596,6000.0,367.34796
,17.081944444444446,39.30472,116.97196,6000.0,380.030211
,17.083055555555557,39.297703,116.97343,6000.0,384.500583
,17.084166666666665,39.290688,116.97417,6000.0,380.710485
,17.085277777777776,39.28367,116.9749,6000.0,380.8562580000001
,17.086388888888887,39.27693,116.97563,6000.0,365.84163900000004
,17.0875,39.269913,116.97673,6000.0,382.36257900000004
,17.08888888888889,39.263176,116.97746,6000.0,365.695866
,17.09,39.256157,116.97783,6000.0,379.9816200000001
,17.09111111111111,39.249138,116.978935,6000.0,382.459761
,17.092222222222222,39.2424,116.97967,6000.0,365.74445700000007
,17.093333333333334,39.235382,116.98077,6000.0,382.4111700000001
,17.094444444444445,39.228363,116.9815,6000.0,380.904849
,17.09583333333333,39.220787,116.98223,6000.0,410.93408700000003
,17.096944444444443,39.214046,116.98334,6000.0,367.590915
,17.098055555555554,39.20731,116.98407,6000.0,365.64727500000004
,17.099166666666665,39.200573,116.98517,6000.0,367.29936900000007
,17.10027777777778,39.193554,116.9859,6000.0,380.904849
,17.10138888888889,39.186817,116.98663,6000.0,365.695866
,17.102777777777778,39.17952,116.98737,6040.0,395.919468
,17.10388888888889,39.172783,116.98847,6070.0,367.29936900000007
,17.105,39.165764,116.989204,6070.0,380.904849
,17.10611111111111,39.159027,116.98994,6100.0,365.695866
,17.107222222222223,39.152287,116.991035,6130.0,367.44514200000003
,17.108333333333334,39.14527,116.991776,6160.0,380.807667
,17.109722222222224,39.138535,116.99251,6190.0,365.598684
,17.110833333333336,39.131516,116.99324,6190.0,380.904849
,17.111944444444447,39.124496,116.99361,6220.0,380.030211
,17.113055555555558,39.117477,116.99361,6250.0,379.69007400000004
,17.11416666666667,39.110462,116.99361,6280.0,379.44711900000004
,17.11527777777778,39.103443,116.99324,6280.0,379.9816200000001
,17.116388888888892,39.09614,116.992874,6310.0,395.33637600000003
,17.11777777777778,39.089127,116.99251,6310.0,379.641483
,17.11888888888889,39.081825,116.99214,6310.0,395.28778500000004
,17.12,39.074528,116.991776,6310.0,394.99623900000006
,17.121111111111112,39.06751,116.991035,6310.0,380.904849
,17.122222222222224,39.06049,116.9903,6340.0,380.95344000000006
,17.123333333333335,39.053474,116.98994,6370.0,379.787256
,17.12472222222222,39.046455,116.98957,6400.0,379.9816200000001
,17.125833333333333,39.039158,116.98957,6460.0,394.7046930000001
,17.126944444444444,39.03214,116.989204,6490.0,379.93302900000003
,17.128055555555555,39.024837,116.989204,6520.0,395.04483
,17.129166666666666,39.01754,116.98847,6550.0,395.919468
,17.130277777777778,39.010242,116.98847,6550.0,394.753284
,17.131666666666668,39.00294,116.98774,6610.0,396.16242300000005
,17.13277777777778,38.995644,116.98774,6680.0,394.65610200000003
,17.133888888888887,38.988346,116.98737,6710.0,395.04483
,17.134999999999998,38.980766,116.98663,6740.0,411.177042
,17.13611111111111,38.973465,116.98663,6800.0,394.899057
,17.13722222222222,38.96645,116.98627,6830.0,379.738665
,17.138333333333332,38.95915,116.9859,6860.0,395.19060300000007
,17.139722222222222,38.952133,116.985535,6920.0,379.88443800000005
,17.140833333333333,38.944553,116.98517,6950.0,410.3024040000001
,17.141944444444444,38.937252,116.9848,6980.0,395.23919400000005
,17.143055555555556,38.929394,116.984436,7010.0,425.317023
,17.144166666666667,38.922092,116.984436,7100.0,394.99623900000006
,17.14527777777778,38.914795,116.98407,7130.0,394.99623900000006
,17.146666666666665,38.907215,116.9837,7160.0,410.3024040000001
,17.147777777777776,38.899635,116.98334,7190.0,410.3024040000001
,17.148888888888887,38.891777,116.98297,7220.0,425.317023
,17.15,38.884476,116.98297,7250.0,394.899057
,17.15111111111111,38.876896,116.9826,7280.0,410.3024040000001
,17.15222222222222,38.869316,116.98223,7320.0,410.3024040000001
,17.15361111111111,38.861736,116.981865,7350.0,410.3024040000001
,17.154722222222222,38.853878,116.9815,7380.0,425.317023
,17.15583333333333,38.84658,116.9815,7440.0,394.753284
,17.15694444444444,38.839,116.98077,7470.0,411.177042
,17.158055555555553,38.83142,116.98077,7500.0,410.01085800000004
,17.159166666666664,38.82356,116.980034,7530.0,426.288843
,17.160555555555554,38.8157,116.97967,7560.0,425.414205
,17.161666666666665,38.80812,116.97967,7590.0,410.01085800000004
,17.162777777777777,38.80054,116.97967,7620.0,410.01085800000004
,17.163888888888888,38.79296,116.97967,7680.0,410.01085800000004
,17.165,38.7851,116.9793,7710.0,425.4627960000001
,17.16611111111111,38.77752,116.978935,7770.0,410.3024040000001
,17.16722222222222,38.76966,116.978195,7800.0,426.288843
,17.16861111111111,38.7618,116.97783,7830.0,425.414205
,17.169722222222223,38.75422,116.97783,7860.0,410.01085800000004
,17.170833333333334,38.74664,116.97746,7920.0,410.3024040000001
,17.171944444444446,38.73878,116.9771,7960.0,425.414205
,17.173055555555557,38.73092,116.97673,7990.0,425.4627960000001
,17.174166666666668,38.72306,116.976364,8020.0,425.414205
,17.175555555555558,38.7152,116.976,8050.0,425.414205
,17.17666666666667,38.70734,116.97563,8080.0,425.4627960000001
,17.17777777777778,38.6992,116.9749,8110.0,441.400644
,17.17888888888889,38.69162,116.97417,8110.0,411.177042
,17.18,38.68404,116.97379,8110.0,410.3024040000001
,17.18111111111111,38.676178,116.97343,8110.0,425.55997800000006
,17.1825,38.6686,116.972694,8110.0,411.07986
,17.183611111111112,38.660458,116.97196,8110.0,441.49782600000003
,17.184722222222224,38.6526,116.97233,8110.0,425.317023
,17.185833333333335,38.644737,116.971596,8110.0,426.43461600000006
,17.186944444444446,38.636875,116.97123,8110.0,425.55997800000006
,17.188055555555557,38.6293,116.97123,8140.0,409.71931200000006
,17.189444444444444,38.621437,116.97013,8170.0,427.843755
,17.190555555555555,38.613857,116.969765,8200.0,410.3024040000001
,17.191666666666666,38.606277,116.96939,8230.0,410.3024040000001
,17.192777777777778,38.59842,116.969765,8260.0,425.268432
,17.19388888888889,38.590557,116.97013,8290.0,425.60856900000005
,17.195,38.582134,116.97196,8350.0,462.149001
,17.19638888888889,38.574276,116.97343,8380.0,429.593031
,17.1975,38.566135,116.9749,8410.0,444.70483200000007
,17.198611111111113,38.558273,116.9771,8440.0,435.32676900000007
,17.199722222222224,38.550415,116.9793,8470.0,435.132405
,17.200833333333332,38.542553,116.98223,8500.0,442.955556
,17.201944444444443,38.534973,116.98517,8560.0,428.47543800000005
,17.203055555555554,38.527115,116.98774,8600.0,438.72813900000006
,17.204444444444444,38.519535,116.9903,8660.0,424.10224800000003
,17.205555555555556,38.511955,116.992874,8690.0,424.248021
,17.206666666666667,38.503815,116.995804,8720.0,457.43567400000006
,17.20777777777778,38.496235,116.99764,8750.0,417.299508
,17.20888888888889,38.488373,117.000206,8810.0,438.92250300000006
,17.21,38.480793,117.002045,8870.0,417.34809900000005
,17.211388888888887,38.472935,117.00351,8870.0,429.54444000000007
,17.2125,38.465073,117.00424,8870.0,426.386025
,17.21361111111111,38.457493,117.00498,8870.0,411.2256330000001
,17.21472222222222,38.449635,117.005714,8870.0,426.191661
,17.215833333333332,38.442055,117.00535,8870.0,410.3024040000001
,17.216944444444444,38.434193,117.00498,8870.0,425.55997800000006
,17.21833333333333,38.426613,117.00498,8870.0,410.01085800000004
,17.21944444444444,38.419033,117.00498,8870.0,410.01085800000004
,17.220555555555553,38.411453,117.00461,8870.0,410.3024040000001
,17.221666666666664,38.403873,117.00461,8870.0,410.01085800000004
,17.222777777777775,38.396015,117.00424,8900.0,425.317023
,17.223888888888887,38.388435,117.00314,8900.0,412.634772
,17.225277777777777,38.380573,117.00241,8930.0,426.386025
,17.226388888888888,38.372715,117.00168,8960.0,426.191661
,17.2275,38.364853,117.000946,8990.0,426.386025
,17.22861111111111,38.356995,117.000946,9020.0,425.025477
,17.22972222222222,38.348854,117.000206,9050.0,441.49782600000003
,17.230833333333333,38.341553,117.000206,9080.0,394.899057
,17.231944444444444,38.333973,116.99947,9110.0,411.177042
,17.233333333333334,38.326115,116.99911,9200.0,425.317023
,17.234444444444446,38.318253,116.998375,9200.0,426.386025
,17.236666666666668,38.302532,116.99801,9270.0,850.488273
,17.23777777777778,38.295235,116.99764,9270.0,394.99623900000006
,17.23888888888889,38.287655,116.99728,9300.0,410.3024040000001
,17.240277777777777,38.280075,116.99728,9300.0,410.01085800000004
,17.24138888888889,38.272778,116.99691,9330.0,394.99623900000006
,17.2425,38.265476,116.996544,9360.0,395.28778500000004
,17.24361111111111,38.257896,116.99618,9360.0,410.3024040000001
,17.244722222222222,38.250317,116.995804,9390.0,410.25381300000004
,17.245833333333334,38.24302,116.99544,9390.0,394.99623900000006
,17.247222222222224,38.23544,116.99507,9420.0,410.3024040000001
,17.248333333333335,38.22814,116.994705,9450.0,395.19060300000007
,17.249444444444446,38.220562,116.99434,9480.0,410.20522200000005
,17.250555555555554,38.213543,116.99397,9480.0,379.9816200000001
,17.251666666666665,38.206245,116.99361,9480.0,395.04483
,17.252777777777776,38.198383,116.99361,9480.0,425.268432
,17.253888888888888,38.191364,116.992874,9480.0,380.95344000000006
,17.255277777777778,38.18379,116.99251,9480.0,409.96226700000005
,17.25638888888889,38.17621,116.99214,9480.0,410.3024040000001
,17.2575,38.16863,116.991776,9480.0,410.3024040000001
,17.25861111111111,38.16105,116.9914,9480.0,410.3024040000001
,17.259722222222223,38.153748,116.9914,9480.0,394.99623900000006
,17.260833333333334,38.146168,116.99067,9480.0,411.177042
,17.26222222222222,38.138588,116.98994,9480.0,411.177042
,17.263333333333332,38.131012,116.991035,9480.0,412.440408
,17.264444444444443,38.123432,116.98957,9480.0,414.72418500000003
,17.265555555555554,38.11613,116.98884,9480.0,396.21101400000003
,17.266666666666666,38.108833,116.98847,9480.0,394.99623900000006
,17.267777777777777,38.101536,116.98774,9480.0,395.919468
,17.269166666666667,38.093674,116.98737,9480.0,425.55997800000006
,17.27027777777778,38.085815,116.987,9480.0,425.414205
,17.27138888888889,38.078236,116.98663,9480.0,410.25381300000004
,17.272499999999997,38.070656,116.98627,9480.0,410.3024040000001
,17.27361111111111,38.063076,116.9859,9480.0,410.3024040000001
,17.27472222222222,38.055775,116.9859,9480.0,394.899057
,17.27611111111111,38.047634,116.9859,9480.0,440.38023300000003
,17.27722222222222,38.040337,116.98627,9480.0,394.99623900000006
,17.278333333333332,38.032757,116.9859,9480.0,410.3024040000001
,17.279444444444444,38.025177,116.98517,9480.0,411.177042
,17.280555555555555,38.017597,116.9848,9480.0,410.3024040000001
,17.281666666666666,38.009457,116.98407,9480.0,441.400644
,17.282777777777778,38.00216,116.98334,9480.0,395.919468
,17.284166666666668,37.99458,116.98297,9480.0,410.3024040000001
,17.28527777777778,37.986717,116.9826,9480.0,425.60856900000005
,17.28638888888889,37.978577,116.9815,9480.0,442.80978300000004
,17.2875,37.970715,116.9815,9480.0,425.268432
,17.288611111111113,37.963135,116.98113,9480.0,410.3024040000001
,17.289722222222224,37.95556,116.9815,9480.0,410.05944900000003
,17.291111111111114,37.947697,116.98113,9480.0,425.60856900000005
,17.292222222222225,37.939835,116.98077,9480.0,425.55997800000006
,17.293333333333337,37.93226,116.98077,9480.0,409.71931200000006
,17.294444444444448,37.924397,116.980034,9480.0,426.48320700000005
,17.295555555555556,37.916534,116.97967,9480.0,425.60856900000005
,17.296666666666667,37.908676,116.9793,9480.0,425.36561400000005
,17.298055555555557,37.901096,116.98077,9480.0,414.772776
,17.299166666666668,37.893234,116.9804,9480.0,425.55997800000006
,17.30027777777778,37.885376,116.98077,9480.0,425.36561400000005
,17.30138888888889,37.877514,116.9793,9480.0,429.88457700000004
,17.302500000000002,37.869934,116.97857,9480.0,411.177042
,17.303611111111113,37.862076,116.97783,9480.0,426.24025200000005
,17.305,37.853935,116.97746,9480.0,440.623188
,17.30611111111111,37.846355,116.97673,9480.0,411.177042
,17.307222222222222,37.838493,116.976,9480.0,426.386025
,17.308333333333334,37.830635,116.976,9480.0,425.025477
,17.309444444444445,37.823055,116.976,9480.0,410.01085800000004
,17.310555555555556,37.814632,116.975266,9480.0,456.706809
,17.311666666666667,37.807053,116.9749,9480.0,410.25381300000004
,17.313055555555557,37.799194,116.97417,9480.0,426.24025200000005
,17.31416666666667,37.791332,116.97343,9480.0,426.43461600000006
,17.31527777777778,37.783474,116.97306,9480.0,425.36561400000005
,17.31638888888889,37.775894,116.97343,9480.0,410.3024040000001
,17.31861111111111,37.760735,116.97379,9480.0,820.1188980000001
,17.31972222222222,37.752872,116.97343,9480.0,425.60856900000005
,17.32111111111111,37.745014,116.972694,9480.0,426.191661
,17.322222222222223,37.737152,116.97196,9480.0,426.43461600000006
,17.323333333333334,37.729294,116.97086,9480.0,427.64939100000004
,17.324444444444445,37.721714,116.9705,9480.0,410.3024040000001
,17.325555555555557,37.714134,116.97013,9480.0,410.3024040000001
,17.326666666666668,37.706272,116.969765,9480.0,425.55997800000006
,17.32777777777778,37.69813,116.969025,9480.0,441.546417
,17.329166666666666,37.690273,116.96866,9480.0,425.268432
,17.330277777777777,37.68241,116.96866,9480.0,425.317023
,17.33138888888889,37.674553,116.967926,9480.0,426.14307
,17.3325,37.66669,116.96719,9480.0,426.48320700000005
,17.33361111111111,37.65883,116.96646,9480.0,426.288843
,17.334722222222222,37.65097,116.96646,9480.0,425.17125000000004
,17.33611111111111,37.64311,116.96646,9480.0,425.17125000000004
,17.33722222222222,37.63525,116.96536,9480.0,427.746573
,17.33833333333333,37.62711,116.96426,9480.0,442.80978300000004
,17.339444444444442,37.61953,116.96389,9480.0,410.3024040000001
,17.340555555555554,37.611668,116.96426,9480.0,425.55997800000006
,17.341666666666665,37.60381,116.96426,9480.0,425.025477
,17.343055555555555,37.595947,116.96462,9480.0,425.60856900000005
,17.344166666666666,37.587807,116.96426,9480.0,440.57459700000004
,17.345277777777778,37.57995,116.96426,9480.0,424.97688600000004
,17.34638888888889,37.57237,116.96316,9480.0,412.73195400000003
,17.3475,37.564507,116.96279,9480.0,425.60856900000005
,17.34861111111111,37.55665,116.96206,9480.0,426.14307
,17.35,37.54907,116.96206,9480.0,410.01085800000004
,17.351111111111113,37.540928,116.96133,9480.0,441.546417
,17.352222222222224,37.532784,116.96059,9480.0,441.64359900000005
,17.353333333333335,37.524643,116.96022,9480.0,440.623188
,17.354444444444447,37.516785,116.96022,9480.0,425.025477
,17.355555555555558,37.508923,116.96022,9480.0,425.268432
,17.35666666666667,37.501064,116.96022,9480.0,425.122659
,17.358055555555556,37.493484,116.95949,9480.0,411.2256330000001
,17.359166666666667,37.485622,116.959854,9480.0,425.55997800000006
,17.360277777777778,37.47748,116.95949,9480.0,440.6717790000001
,17.36138888888889,37.469624,116.95912,9480.0,425.21984100000003
,17.3625,37.46148,116.95839,9480.0,441.64359900000005
,17.363611111111112,37.45362,116.95729,9480.0,427.79516400000006
,17.365000000000002,37.44604,116.956924,9480.0,410.3024040000001
,17.366111111111113,37.43818,116.95582,9480.0,427.79516400000006
,17.36722222222222,37.43032,116.95545,9480.0,425.4627960000001
,17.368333333333332,37.42274,116.95582,9480.0,410.3024040000001
,17.369444444444444,37.41488,116.95582,9480.0,425.17125000000004
,17.370555555555555,37.40702,116.95435,9480.0,429.8359860000001
,17.371944444444445,37.39916,116.95289,9480.0,429.738804
,17.373055555555556,37.3913,116.951416,9480.0,429.8359860000001
,17.374166666666667,37.38372,116.95032,9480.0,412.73195400000003
,17.37527777777778,37.37614,116.94812,9480.0,420.79806
,17.37638888888889,37.368843,116.94555,9480.0,409.865085
,17.3775,37.361263,116.942245,9480.0,433.9176300000001
,17.378888888888888,37.353962,116.93968,9480.0,410.01085800000004
,17.38,37.346382,116.93638,9480.0,433.86903900000004
,17.38111111111111,37.339085,116.93344,9480.0,414.48123
,17.38222222222222,37.331787,116.93051,9480.0,414.384048
,17.383333333333333,37.324207,116.927574,9480.0,429.00993900000003
,17.384444444444444,37.316345,116.925,9480.0,439.45700400000004
,17.385555555555555,37.308765,116.92354,9480.0,414.772776
,17.386944444444445,37.300907,116.92207,9480.0,429.738804
,17.388055555555557,37.293327,116.92171,9480.0,410.3024040000001
,17.389166666666664,37.285748,116.920235,9480.0,414.82136700000007
,17.390277777777776,37.278168,116.919136,9480.0,412.73195400000003
,17.391388888888887,37.270306,116.917305,9480.0,432.50849100000005
,17.3925,37.262447,116.914734,9480.0,439.26264000000003
,17.39388888888889,37.254868,116.91216,9480.0,424.68534000000005
,17.395,37.247005,116.91033,9480.0,432.55708200000004
,17.39611111111111,37.239147,116.9085,9480.0,432.31412700000004
,17.397222222222222,37.231567,116.90703,9480.0,414.869958
,17.398333333333333,37.223988,116.904465,9480.0,424.5881580000001
,17.399444444444445,37.216408,116.90336,9480.0,412.7805450000001
,17.40083333333333,37.208828,116.90153,9480.0,417.54246300000005
,17.401944444444442,37.20097,116.900795,9480.0,426.24025200000005
,17.403055555555554,37.193108,116.89933,9480.0,429.9331680000001
,17.404166666666665,37.185246,116.89859,9480.0,426.48320700000005
,17.405277777777776,37.177105,116.89749,9480.0,442.90696500000007
,17.406388888888888,37.168964,116.89603,9480.0,444.850605
,17.407777777777778,37.16054,116.89566,9480.0,455.92935300000005
,17.40888888888889,37.152683,116.89603,9480.0,425.317023
,17.41,37.14482,116.89676,9480.0,426.48320700000005
,17.41111111111111,37.13668,116.897125,9480.0,440.57459700000004
,17.41222222222222,37.128822,116.89749,9480.0,425.317023
,17.41333333333333,37.1204,116.897125,9480.0,455.8321710000001
,17.41444444444444,37.11226,116.897125,9480.0,440.28305100000006
,17.41583333333333,37.104397,116.897125,9480.0,425.317023
,17.416944444444447,37.096256,116.89749,9480.0,440.623188
,17.418055555555558,37.088116,116.898224,9480.0,441.44923500000004
,17.41916666666667,37.079975,116.8997,9480.0,444.94778700000006
,17.42027777777778,37.072117,116.900795,9480.0,427.64939100000004
,17.42138888888889,37.063694,116.90153,9480.0,456.706809
,17.422777777777778,37.055832,116.902626,9480.0,427.8923460000001
,17.42388888888889,37.047413,116.9041,9480.0,459.8166330000001
,17.425,37.03955,116.90556,9480.0,429.981759
,17.426111111111112,37.03141,116.90887,9480.0,462.926457
,17.427222222222223,37.02355,116.9107,9480.0,432.45990000000006
,17.428333333333335,37.015408,116.91327,9480.0,454.18007700000004
,17.429722222222225,37.007267,116.9162,9480.0,458.16453900000005
,17.430833333333336,36.999126,116.91987,9480.0,468.02851200000003
,17.431944444444447,36.990986,116.922806,9480.0,458.21313
,17.43305555555556,36.982845,116.92611,9480.0,462.926457
,17.434166666666666,36.974983,116.92977,9480.0,453.74275800000004
,17.435277777777777,36.967125,116.93198,9480.0,435.666906
,17.436666666666667,36.958984,116.93417,9480.0,450.4385700000001
,17.43777777777778,36.95056,116.93638,9480.0,465.55037100000004
,17.43888888888889,36.94242,116.939316,9480.0,458.21313
,17.44,36.93456,116.94151,9480.0,435.61831500000005
,17.441111111111113,36.92698,116.94335,9480.0,417.6396450000001
,17.442222222222224,36.91884,116.94738,9480.0,473.51929500000006
,17.443333333333335,36.91126,116.951416,9480.0,445.62806100000006
,17.44472222222222,36.90312,116.95472,9480.0,462.926457
,17.445833333333333,36.894978,116.951416,9480.0,463.02363900000006
,17.446944444444444,36.886837,116.95252,9480.0,442.955556
,17.448055555555555,36.878696,116.959854,9480.0,542.76147
,17.449166666666667,36.870834,116.96316,9480.0,448.689294
,17.450277777777778,36.862694,116.96683,9480.0,468.0771030000001
,17.451666666666664,36.854836,116.97013,9480.0,448.39774800000004
,17.452777777777776,36.846973,116.97343,9480.0,448.64070300000003
,17.453888888888887,36.838833,116.976,9480.0,454.13148600000005
,17.455,36.830692,116.980034,9480.0,473.713659
,17.45611111111111,36.82255,116.98297,9480.0,458.4074940000001
,17.45722222222222,36.81441,116.9859,9480.0,458.21313
,17.45861111111111,36.80683,116.98957,9480.0,439.74855
,17.459722222222222,36.798687,116.99251,9480.0,458.504676
,17.460833333333333,36.790268,116.99544,9480.0,472.741839
,17.461944444444445,36.78269,116.99764,9480.0,420.84665100000007
,17.463055555555556,36.774826,116.99984,9480.0,435.90986100000003
,17.464166666666667,36.766685,117.00241,9480.0,454.228668
,17.465555555555554,36.758545,117.00535,9480.0,458.35890300000005
,17.466666666666665,36.750965,117.009384,9480.0,445.7252430000001
,17.467777777777776,36.742825,117.01305,9480.0,468.0771030000001
,17.468888888888888,36.734684,117.01635,9480.0,463.02363900000006
,17.47,36.72682,117.018555,9480.0,435.958452
,17.47111111111111,36.718403,117.021484,9480.0,472.64465700000005
,17.47222222222222,36.710823,117.02552,9480.0,445.82242500000007
,17.473611111111108,36.7024,117.028824,9480.0,477.60093900000004
,17.47472222222222,36.695103,117.03249,9480.0,425.511387
,17.47583333333333,36.68696,117.03653,9480.0,474.05379600000003
,17.47694444444444,36.678818,117.03946,9480.0,458.4074940000001
,17.478055555555553,36.671238,117.04276,9480.0,434.3063580000001
,17.479166666666664,36.663097,117.047165,9480.0,480.03048900000005
,17.480555555555554,36.654114,117.0512,9480.0,516.473739
,17.481666666666666,36.646534,117.0556,9480.0,452.285028
,17.482777777777777,36.63952,117.060005,9480.0,424.831113
,17.483888888888888,36.63194,117.06331,9480.0,434.4035400000001
,17.485,36.623516,117.066246,9480.0,473.13056700000004
,17.48611111111111,36.615654,117.06991,9480.0,454.0343040000001
,17.4875,36.608078,117.07321,9480.0,434.111994
,17.488611111111112,36.6005,117.07725,9480.0,445.871016
,17.489722222222223,36.592636,117.08128,9480.0,459.962406
,17.490833333333335,36.585056,117.08642,9480.0,466.86232800000005
,17.491944444444446,36.577198,117.09082,9480.0,466.03628100000003
,17.493055555555557,36.569054,117.09559,9480.0,486.8332290000001
,17.494444444444447,36.561195,117.09889,9480.0,448.64070300000003
,17.495555555555555,36.553616,117.10256,9480.0,439.89432300000004
,17.496666666666666,36.545475,117.106964,9480.0,480.127671
,17.497777777777777,36.537334,117.10953,9480.0,454.277259
,17.49888888888889,36.530033,117.115036,9480.0,461.76027300000004
,17.5,36.523018,117.11944,9480.0,425.025477
,17.50111111111111,36.515438,117.12237,9480.0,429.35007600000006
,17.5025,36.506172,117.122734,9480.0,501.4591200000001
,17.503611111111113,36.49803,117.1187,9480.0,474.05379600000003
,17.504722222222224,36.48961,117.119804,9480.0,457.97017500000004
,17.50583333333333,36.48119,117.123474,9480.0,482.605812
,17.506944444444443,36.47305,117.12714,9480.0,468.2714670000001
,17.508055555555554,36.465187,117.13154,9480.0,466.376418
,17.509444444444444,36.458168,117.13521,9480.0,411.857316
,17.510555555555555,36.45059,117.13741,9480.0,420.94383300000004
,17.511666666666667,36.44273,117.14218,9480.0,473.13056700000004
,17.512777777777778,36.43515,117.14768,9480.0,474.73407000000003
,17.51388888888889,36.42645,117.15135,9480.0,496.940157
,17.515,36.418304,117.15429,9480.0,458.84481300000004
,17.51638888888889,36.410725,117.157585,9480.0,434.3063580000001
,17.5175,36.403427,117.16199,9480.0,438.873912
,17.51861111111111,36.39557,117.16602,9480.0,459.76804200000004
,17.51972222222222,36.386864,117.16896,9480.0,487.99941300000006
,17.520833333333332,36.379284,117.17336,9480.0,452.57657400000005
,17.521944444444443,36.371704,117.17703,9480.0,440.040096
,17.523333333333333,36.362724,117.17556,9480.0,489.9430530000001
,17.524444444444445,36.35402,117.177765,9480.0,480.51639900000004
,17.525555555555556,36.34672,117.1818,9480.0,432.216945
,17.526666666666667,36.33858,117.18473,9480.0,458.45608500000003
,17.52777777777778,36.33072,117.18657,9480.0,432.65426400000007
,17.528888888888886,36.32258,117.1884,9480.0,447.47451900000004
,17.529999999999998,36.31472,117.1917,9480.0,448.835067
,17.531388888888888,36.306858,117.194275,9480.0,439.845732
,17.5325,36.29928,117.19794,9480.0,439.94291400000003
,17.533611111111114,36.29142,117.200874,9480.0,443.975967
,17.534722222222225,36.283276,117.20271,9480.0,447.71747400000004
,17.535833333333336,36.275417,117.20564,9480.0,443.87878500000005
,17.536944444444448,36.267277,117.20968,9480.0,474.24816000000004
,17.538333333333334,36.259136,117.212616,9480.0,458.601858
,17.539444444444445,36.25043,117.21445,9480.0,477.64953
,17.540555555555557,36.241447,117.217384,9480.0,502.47953100000007
,17.541666666666668,36.23471,117.22362,9480.0,454.763169
,17.54277777777778,36.228817,117.22765,9480.0,364.043772
,17.54388888888889,36.220676,117.23169,9480.0,474.345342
,17.54527777777778,36.211693,117.23609,9480.0,522.450432
,17.54638888888889,36.204113,117.24013,9480.0,446.308335
,17.547500000000003,36.197376,117.24123,9480.0,367.542324
,17.548611111111114,36.189796,117.244896,9450.0,440.13727800000004
,17.549722222222226,36.181374,117.2482,9450.0,477.8438940000001
,17.550833333333333,36.17295,117.2504,9480.0,465.69614400000006
,17.552222222222223,36.16453,117.25187,9480.0,459.962406
,17.553333333333335,36.15611,117.257,9480.0,507.581586
,17.554444444444446,36.14797,117.26177,9480.0,487.12477500000006
,17.555555555555557,36.14067,117.26544,9480.0,426.14307
,17.55666666666667,36.132526,117.26948,9480.0,474.5397060000001
,17.55777777777778,36.124107,117.27094,9480.0,459.8166330000001
,17.55888888888889,36.116245,117.27388,9480.0,444.26751300000006
,17.560277777777777,36.107822,117.275345,9480.0,460.108179
,17.56138888888889,36.09968,117.277176,9480.0,447.62029200000006
,17.5625,36.092102,117.28195,9480.0,459.962406
,17.56361111111111,36.08396,117.285614,9480.0,468.61160400000006
,17.564722222222223,36.076103,117.28782,9480.0,435.81267900000006
,17.565833333333334,36.067963,117.28928,9480.0,444.899196
,17.56722222222222,36.0601,117.29222,9480.0,444.31610400000005
,17.56833333333333,36.052803,117.29662,9480.0,439.116867
,17.569444444444443,36.045223,117.30139,9480.0,460.01099700000003
,17.570555555555554,36.0368,117.304695,9480.0,477.98966700000005
,17.571666666666665,36.028942,117.30799,9480.0,448.835067
,17.572777777777777,36.02108,117.31166,9480.0,454.56880500000005
,17.574166666666667,36.01294,117.31239,9480.0,441.44923500000004
,17.575277777777778,36.00592,117.31533,9480.0,400.92434099999997
,17.57638888888889,35.998062,117.317535,9480.0,435.86127000000005
,17.5775,35.9902,117.319,9480.0,430.07894100000004
,17.578611111111112,35.98206,117.32157,9480.0,454.4230320000001
,17.579722222222223,35.97392,117.32523,9480.0,468.56301300000007
,17.58111111111111,35.967182,117.33111,9480.0,446.2111530000001
,17.58222222222222,35.95988,117.33661,9480.0,462.58632
,17.583333333333332,35.952023,117.33955,9480.0,444.07314900000006
,17.584444444444443,35.943882,117.34138,9480.0,447.571701
,17.585555555555555,35.93602,117.338806,9480.0,439.94291400000003
,17.586666666666666,35.92816,117.34541,9480.0,514.238553
,17.587777777777777,35.9203,117.34945,9480.0,460.496907
,17.589166666666664,35.913002,117.35385,9480.0,439.3112310000001
,17.590277777777775,35.90514,117.360085,9480.0,505.4435820000001
,17.591388888888886,35.89756,117.36229,9480.0,421.2353790000001
,17.592499999999998,35.890263,117.36449,9480.0,406.3179420000001
,17.59361111111111,35.8824,117.36449,9480.0,425.317023
,17.59472222222222,35.874542,117.367424,9480.0,444.07314900000006
,17.59611111111111,35.866962,117.37146,9480.0,446.55129000000005
,17.59722222222222,35.85882,117.37586,9480.0,480.8079450000001
,17.598333333333333,35.85096,117.37953,9480.0,454.56880500000005
,17.599444444444444,35.84282,117.37806,9480.0,444.996378
,17.600555555555555,35.83468,117.379166,9480.0,442.955556
,17.601666666666667,35.826817,117.381,9480.0,432.8486280000001
,17.603055555555557,35.81896,117.38686,9480.0,496.648611
,17.604166666666668,35.811096,117.39053,9480.0,454.8117600000001
,17.60527777777778,35.802677,117.39274,9480.0,465.59896200000003
,17.60638888888889,35.794537,117.39457,9480.0,447.571701
,17.6075,35.786392,117.39604,9480.0,445.28792400000003
,17.608611111111113,35.779938,117.39714,9480.0,352.430523
,17.610000000000003,35.77601,117.40485,9480.0,399.51520200000004
,17.611111111111114,35.76843,117.40814,9480.0,434.695086
,17.612222222222222,35.759163,117.41218,9480.0,531.6827220000001
,17.613333333333333,35.7499,117.415115,9480.0,517.348377
,17.614444444444445,35.745968,117.41731,9480.0,233.479755
,17.615555555555556,35.736423,117.42098,9480.0,540.8664210000001
,17.616666666666667,35.727722,117.42465,9480.0,497.4746580000001
,17.618055555555557,35.71649,117.42319,9480.0,610.9346430000002
,17.61916666666667,35.70723,117.424286,9480.0,503.2083960000001
,17.62027777777778,35.69965,117.42355,9480.0,411.274224
,17.62138888888889,35.691227,117.42612,9480.0,469.38906000000003
,17.6225,35.68758,117.44043,9480.0,658.8939600000001
,17.62361111111111,35.678314,117.44263,9480.0,510.4484550000001
,17.625,35.668488,117.444466,9480.0,537.6108240000001
,17.62611111111111,35.66175,117.44409,9480.0,364.821228
,17.627222222222223,35.655857,117.44887,9480.0,381.779487
,17.628333333333334,35.64856,117.454,9480.0,454.56880500000005
,17.629444444444445,35.640415,117.456566,9480.0,454.763169
,17.630555555555556,35.633118,117.460236,9480.0,426.386025
,17.631944444444446,35.627224,117.46794,9480.0,465.1616430000001
,17.633055555555558,35.619923,117.47344,9480.0,463.07223
,17.634166666666665,35.612064,117.47638,9480.0,444.31610400000005
,17.635277777777777,35.60336,117.47858,9480.0,480.66217200000006
,17.636388888888888,35.594658,117.48005,9480.0,475.12279800000005
,17.6375,35.586235,117.473076,9480.0,549.2726640000001
,17.63888888888889,35.581745,117.473076,9480.0,242.857818
,17.64,35.573605,117.485916,9480.0,716.23134
,17.641111111111112,35.563778,117.492516,9480.0,605.686815
,17.642222222222223,35.555077,117.49399,9480.0,475.07420700000006
,17.643333333333334,35.5489,117.499855,9480.0,422.20719900000006
,17.644444444444446,35.542442,117.505356,9480.0,425.025477
,17.645555555555553,35.535427,117.50976,9480.0,426.09447900000004
,17.646944444444443,35.527847,117.51306,9480.0,434.986632
,17.648055555555555,35.520546,117.51673,9480.0,426.677571
,17.649166666666666,35.512688,117.520035,9480.0,449.27238600000004
,17.650277777777777,35.504826,117.5226,9480.0,439.991505
,17.65138888888889,35.496967,117.5259,9480.0,449.27238600000004
,17.6525,35.489105,117.52884,9480.0,444.5590590000001
,17.653888888888886,35.47956,117.529205,9480.0,516.570921
,17.65611111111111,35.465527,117.53801,9480.0,852.431913
,17.65722222222222,35.457947,117.54131,9480.0,435.03522300000003
,17.65833333333333,35.449806,117.54351,9480.0,450.875889
,17.659444444444443,35.44054,117.54424,9480.0,502.2365760000001
,17.660555555555554,35.433243,117.54828,9480.0,432.99440100000004
,17.661666666666665,35.425102,117.55085,9480.0,454.714578
,17.663055555555555,35.41668,117.55378,9480.0,473.51929500000006
,17.664166666666667,35.4091,117.55708,9480.0,435.03522300000003
,17.665277777777778,35.401237,117.55929,9480.0,436.34718000000004
,17.66638888888889,35.393097,117.56185,9480.0,454.52021400000007
,17.6675,35.384956,117.56479,9480.0,459.03917700000005
,17.66861111111111,35.377377,117.56809,9480.0,435.03522300000003
,17.67,35.36952,117.57139,9480.0,449.223795
,17.671111111111113,35.361656,117.574326,9480.0,444.6562410000001
,17.672222222222224,35.354637,117.579094,9480.0,434.01481200000006
,17.673333333333336,35.347622,117.583496,9480.0,426.24025200000005
,17.674444444444447,35.340042,117.587166,9480.0,440.81755200000003
,17.675555555555558,35.33218,117.58974,9480.0,440.1858690000001
,17.676944444444445,35.32404,117.5923,9480.0,454.56880500000005
,17.678055555555556,35.316177,117.59634,9480.0,461.1771810000001
,17.679166666666667,35.309723,117.60147,9480.0,416.084733
,17.68027777777778,35.3013,117.60404,9480.0,469.5348330000001
,17.68138888888889,35.29344,117.60697,9480.0,444.413286
,17.6825,35.28502,117.60918,9480.0,465.79332600000004
,17.683611111111112,35.276318,117.61064,9480.0,475.07420700000006
,17.685,35.268738,117.613945,9480.0,435.22958700000004
,17.68611111111111,35.260315,117.61688,9480.0,473.713659
,17.68722222222222,35.253857,117.62275,9480.0,435.03522300000003
,17.688333333333333,35.246,117.62605,9480.0,449.320977
,17.689444444444444,35.23898,117.63082,9480.0,434.25776700000006
,17.690555555555555,35.23168,117.634125,9480.0,420.992424
,17.691944444444445,35.22354,117.637054,9480.0,458.941995
,17.693055555555556,35.214558,117.63816,9480.0,488.29095900000004
,17.694166666666668,35.206135,117.63999,9480.0,462.7320930000001
,17.69527777777778,35.197712,117.64256,9480.0,469.5348330000001
,17.69638888888889,35.18957,117.64513,9480.0,454.8117600000001
