849,CCA1658054,B733,A,ZYTX,ZBAA,19        
,15.909166666666668,41.741417,121.47611,8410.0,390.18573000000004
,15.910277777777779,41.740574,121.466576,8410.0,387.51322500000003
,15.911388888888888,41.73973,121.45704,8410.0,387.5618160000001
,15.9125,41.73917,121.447136,8410.0,400.87575000000004
,15.913611111111111,41.73805,121.43723,8410.0,404.37430200000006
,15.914722222222222,41.736923,121.42732,8410.0,404.617257
,15.916111111111112,41.7358,121.41742,8410.0,404.17993800000005
,15.917222222222222,41.73496,121.40752,8410.0,402.187707
,15.918333333333333,41.733837,121.39761,8410.0,404.617257
,15.919444444444444,41.732716,121.38807,8410.0,389.84559300000006
,15.920555555555556,41.73159,121.37817,8410.0,404.228529
,15.921666666666667,41.73047,121.36826,8410.0,404.617257
,15.922777777777776,41.729343,121.357994,8410.0,418.85442
,15.924166666666666,41.728504,121.34772,8410.0,417.202326
,15.925277777777778,41.72738,121.337814,8410.0,404.4714840000001
,15.926388888888889,41.726257,121.327545,8410.0,419.000193
,15.9275,41.725136,121.317635,8410.0,404.617257
,15.92861111111111,41.724293,121.30773,8410.0,402.479253
,15.929722222222221,41.72317,121.298195,8410.0,389.69982000000005
,15.931111111111111,41.722046,121.28829,8410.0,404.4714840000001
,15.932222222222222,41.721203,121.27838,8410.0,402.67361700000004
,15.933333333333334,41.720364,121.26811,8410.0,417.10514400000005
,15.934444444444445,41.71952,121.25784,8410.0,417.1537350000001
,15.935555555555556,41.718678,121.24757,8410.0,417.1537350000001
,15.936666666666667,41.717556,121.23766,8410.0,404.714439
,15.938055555555556,41.71643,121.22776,8410.0,404.325711
,15.939166666666667,41.715027,121.21859,8410.0,377.9407980000001
,15.940277777777778,41.713905,121.20905,8410.0,389.94277500000004
,15.94138888888889,41.7125,121.19952,8410.0,392.226552
,15.9425,41.711098,121.189606,8410.0,407.435535
,15.943611111111112,41.709415,121.1797,8410.0,410.25381300000004
,15.945,41.70801,121.1698,8410.0,406.949625
,15.946111111111112,41.706326,121.15952,8410.0,425.025477
,15.947222222222223,41.704643,121.149254,8410.0,424.44238500000006
,15.948333333333334,41.70324,121.13935,8410.0,407.09539800000005
,15.949444444444445,41.701836,121.12945,8410.0,406.949625
,15.950555555555555,41.70043,121.1199,8410.0,393.10119000000003
,15.951666666666666,41.699028,121.11073,8410.0,378.03798000000006
,15.953055555555554,41.697342,121.1012,8410.0,395.53074
,15.954166666666666,41.6965,121.09166,8410.0,387.999135
,15.955277777777777,41.695095,121.08176,8410.0,406.99821600000007
,15.956388888888888,41.693413,121.07148,8410.0,425.07406800000007
,15.9575,41.69201,121.060844,8410.0,436.249998
,15.95861111111111,41.690323,121.05094,8410.0,410.3024040000001
,15.959999999999999,41.68892,121.040665,8410.0,421.91565299999996
,15.96111111111111,41.68752,121.03076,8410.0,407.19258
,15.962222222222222,41.686115,121.02159,8410.0,378.13516200000004
,15.963333333333333,41.68471,121.012054,8410.0,392.61528000000004
,15.964444444444444,41.683308,121.00215,8410.0,407.19258
,15.965555555555556,41.681904,120.99261,8410.0,392.80964400000005
,15.966944444444444,41.68078,120.98344,8410.0,375.414066
,15.968055555555555,41.679096,120.9739,8410.0,396.01665
,15.969166666666666,41.67797,120.964,8410.0,404.56866600000006
,15.970277777777778,41.676567,120.95446,8410.0,392.80964400000005
,15.971388888888889,41.674885,120.94456,8410.0,410.20522200000005
,15.9725,41.67348,120.93465,8410.0,407.53271700000005
,15.973888888888888,41.672077,120.92474,8410.0,407.53271700000005
,15.975,41.670673,120.914474,8410.0,421.672698
,15.976111111111111,41.66955,120.9042,8410.0,419.534694
,15.977222222222222,41.668148,120.894295,8410.0,407.33835300000004
,15.978333333333333,41.666744,120.884026,8410.0,421.81847100000005
,15.979444444444445,41.66534,120.87412,8410.0,407.435535
,15.980555555555556,41.663937,120.863846,8410.0,422.06142600000004
,15.981944444444444,41.66225,120.85358,8410.0,424.78252200000003
,15.983055555555556,41.660847,120.84367,8410.0,407.58130800000004
,15.984166666666665,41.659443,120.83376,8410.0,407.629899
,15.985277777777776,41.658043,120.823494,8410.0,421.72128900000007
,15.986388888888888,41.65664,120.81359,8410.0,407.3869440000001
,15.987499999999999,41.655235,120.80369,8410.0,407.241171
,15.988888888888889,41.65383,120.79378,8410.0,407.67849000000007
,15.989999999999998,41.652145,120.783875,8410.0,410.545359
,15.99111111111111,41.65074,120.77434,8410.0,392.80964400000005
,15.992222222222221,41.649338,120.764435,8410.0,407.435535
,15.993333333333332,41.647934,120.75489,8410.0,393.198372
,15.994444444444444,41.64653,120.74499,8410.0,407.28976200000005
,15.995833333333332,41.640354,120.73912,8410.0,409.76790300000005
,15.996944444444443,41.635582,120.733246,8410.0,350.72983800000003
,15.998055555555554,41.634743,120.72261,8410.0,432.3627180000001
,15.999166666666666,41.634743,120.71161,8410.0,444.70483200000007
,16.00027777777778,41.631653,120.7039,8410.0,353.693889
,16.00138888888889,41.631092,120.69326,8410.0,431.24512500000003
,16.002777777777776,41.62744,120.68556,8410.0,368.70850800000005
,16.003888888888888,41.62576,120.67602,8410.0,396.308196
,16.005,41.623512,120.66721,8410.0,376.385886
,16.00611111111111,41.62239,120.65731,8410.0,404.86021200000005
,16.00722222222222,41.621826,120.64631,8410.0,445.82242500000007
,16.008333333333333,41.6193,120.637505,8410.0,381.3421680000001
,16.009444444444444,41.61762,120.627594,8410.0,410.93408700000003
,16.010833333333334,41.617054,120.61586,8410.0,475.51152600000006
,16.011944444444445,41.615932,120.60522,8410.0,434.54931300000004
,16.013055555555557,41.613686,120.59641,8410.0,376.434477
,16.014166666666668,41.612843,120.58578,8410.0,432.31412700000004
,16.01527777777778,41.611443,120.57551,8410.0,422.20719900000006
,16.01638888888889,41.609756,120.56596,8410.0,396.84269700000004
,16.017777777777777,41.608353,120.555695,8410.0,422.0128350000001
,16.01888888888889,41.60695,120.54616,8410.0,393.05259900000004
,16.02,41.605545,120.53662,8410.0,393.24696300000005
,16.02111111111111,41.604702,120.52598,8410.0,432.75144600000004
,16.022222222222222,41.603863,120.516075,8410.0,403.208118
,16.023333333333333,41.60246,120.50617,8410.0,407.77567200000004
,16.02472222222222,41.601055,120.4959,8410.0,422.304381
,16.02583333333333,41.59993,120.48563,8410.0,419.82624000000004
,16.026944444444442,41.59881,120.47572,8410.0,405.394713
,16.028055555555554,41.597122,120.46655,8410.0,382.02244200000007
,16.029166666666665,41.596,120.45591,8410.0,434.646495
,16.030277777777776,41.59432,120.44637,8410.0,396.45396900000003
,16.031388888888888,41.592632,120.43684,8410.0,396.16242300000005
,16.032777777777778,41.590668,120.427666,8410.0,386.055495
,16.03388888888889,41.589264,120.4174,8410.0,422.20719900000006
,16.035,41.589825,120.40602,8410.0,461.371545
,16.03611111111111,41.58842,120.396484,8410.0,393.198372
,16.037222222222223,41.585896,120.38695,8410.0,409.184811
,16.038333333333334,41.585613,120.37741,8410.0,386.29845000000006
,16.039722222222224,41.58449,120.36823,8410.0,376.337295
,16.040833333333335,41.582806,120.35943,8410.0,367.493733
,16.041944444444447,41.5814,120.349525,8410.0,407.92144500000006
,16.043055555555558,41.57972,120.33926,8410.0,425.17125000000004
,16.04416666666667,41.577755,120.32899,8410.0,428.91275700000006
,16.04527777777778,41.57635,120.31798,8410.0,451.94489100000004
,16.046666666666667,41.574387,120.308075,8410.0,414.627003
,16.047777777777778,41.571857,120.29854,8410.0,409.37917500000003
,16.04888888888889,41.569332,120.288994,8410.0,409.71931200000006
,16.05,41.567085,120.27982,8410.0,390.67164
,16.051111111111112,41.563156,120.27176,8410.0,389.31109200000003
,16.052222222222223,41.562595,120.26075,8410.0,446.648472
,16.053611111111113,41.562313,120.24975,8410.0,445.48228800000004
,16.054722222222225,41.561752,120.23874,8410.0,446.648472
,16.055833333333332,41.559788,120.228836,8410.0,414.67559400000005
,16.056944444444444,41.557823,120.21893,8410.0,414.772776
,16.058055555555555,41.555576,120.209755,8410.0,390.768822
,16.059166666666666,41.554173,120.19912,8410.0,437.124636
,16.060277777777777,41.551647,120.19068,8410.0,367.931052
,16.061666666666667,41.5494,120.18151,8410.0,390.574458
,16.06277777777778,41.547436,120.17161,8410.0,414.627003
,16.06388888888889,41.54519,120.16207,8410.0,404.86021200000005
,16.065,41.543507,120.15253,8410.0,396.794106
,16.066111111111113,41.54182,120.142624,8410.0,411.274224
,16.06722222222222,41.539856,120.13272,8410.0,414.82136700000007
,16.06861111111111,41.53817,120.12282,8410.0,411.07986
,16.06972222222222,41.535927,120.11327,8410.0,405.24894000000006
,16.070833333333333,41.533962,120.10337,8410.0,414.72418500000003
,16.071944444444444,41.532837,120.092735,8410.0,434.88945
,16.073055555555555,41.530872,120.08283,8410.0,414.91854900000004
,16.074166666666667,41.528908,120.07329,8410.0,400.632795
,16.075555555555557,41.526943,120.063385,8410.0,414.91854900000004
,16.076666666666668,41.52498,120.05348,8410.0,414.91854900000004
,16.07777777777778,41.523293,120.04358,8410.0,411.177042
,16.078888888888887,41.52161,120.0333,8410.0,426.14307
,16.08,41.519363,120.023766,8410.0,404.811621
,16.08111111111111,41.517677,120.01386,8410.0,411.419997
,16.0825,41.515713,120.00396,8410.0,414.82136700000007
,16.08361111111111,41.513466,119.994415,8410.0,405.24894000000006
,16.084722222222222,41.511223,119.985245,8410.0,390.72023100000007
,16.085833333333333,41.509537,119.97534,8410.0,411.419997
,16.086944444444445,41.507854,119.96507,8410.0,425.85152400000004
,16.088055555555556,41.504765,119.9559,8410.0,407.28976200000005
,16.089166666666664,41.503082,119.94489,8410.0,455.20048800000006
,16.090555555555554,41.500835,119.935356,8410.0,404.90880300000003
,16.091666666666665,41.49859,119.926186,8410.0,390.81741300000004
,16.092777777777776,41.49634,119.917015,8410.0,390.963186
,16.093888888888888,41.49494,119.90637,8410.0,437.85350100000005
,16.095,41.493816,119.89574,8410.0,434.93804100000006
,16.09611111111111,41.49185,119.8862,8410.0,400.87575000000004
,16.0975,41.490166,119.87593,8410.0,425.9487060000001
,16.09861111111111,41.4882,119.86639,8410.0,400.92434099999997
,16.099722222222223,41.48596,119.85685,8410.0,405.10316700000004
,16.100833333333334,41.485115,119.84548,8410.0,462.975048
,16.101944444444445,41.48371,119.835205,8410.0,423.22761
,16.103055555555557,41.481464,119.8264,8410.0,376.920387
,16.104444444444447,41.478657,119.81796,8410.0,374.1992910000001
,16.105555555555558,41.47613,119.80916,8410.0,381.92526000000004
,16.10666666666667,41.47557,119.79852,8410.0,432.26553600000005
,16.10777777777778,41.47501,119.78788,8410.0,432.26553600000005
,16.10888888888889,41.473324,119.77798,8410.0,411.468588
,16.110000000000003,41.469955,119.770645,8410.0,348.68901600000004
,16.11138888888889,41.46827,119.760735,8410.0,411.857316
,16.1125,41.46743,119.74937,8410.0,462.87786600000004
,16.113611111111112,41.46743,119.73836,8410.0,446.259744
,16.114722222222223,41.466026,119.72772,8410.0,437.90209200000004
,16.115833333333335,41.46406,119.718185,8410.0,400.87575000000004
,16.116944444444446,41.46041,119.709015,8410.0,420.895242
,16.118055555555557,41.45732,119.69947,8410.0,421.478334
,16.119444444444444,41.45564,119.6892,8410.0,426.14307
,16.120555555555555,41.454235,119.67893,8410.0,423.22761
,16.121666666666666,41.458164,119.663155,8410.0,673.908579
,16.122777777777777,41.45255,119.656555,8410.0,404.714439
,16.12388888888889,41.447777,119.64995,8410.0,371.964105
,16.125,41.446655,119.63968,8410.0,420.79806
,16.12638888888889,41.44497,119.630875,8410.0,368.46555300000006
,16.1275,41.442444,119.62244,8410.0,368.31978000000004
,16.128611111111113,41.43655,119.6184,8410.0,358.45580700000005
,16.129722222222224,41.43767,119.60299,8410.0,627.8443110000001
,16.130833333333335,41.43683,119.59089,8410.0,492.7613310000001
,16.131944444444446,41.434864,119.58061,8410.0,430.22471400000006
,16.133333333333333,41.433743,119.56998,8410.0,435.32676900000007
,16.134444444444444,41.431778,119.56081,8410.0,386.7843600000001
,16.135555555555555,41.431778,119.55016,8410.0,431.925399
,16.136666666666667,41.42897,119.54136,8410.0,387.853362
,16.137777777777778,41.427845,119.53036,8410.0,450.244206
,16.13888888888889,41.42476,119.52119,8410.0,407.629899
,16.140277777777776,41.423637,119.51091,8410.0,421.33256100000006
,16.141388888888887,41.42111,119.50137,8410.0,410.39958600000006
,16.1425,41.419704,119.491104,8410.0,423.276201
,16.14361111111111,41.41886,119.48047,8410.0,433.77185700000007
,16.14472222222222,41.416897,119.47129,8410.0,387.22167900000005
,16.145833333333332,41.41353,119.46249,8410.0,400.729977
,16.146944444444443,41.411564,119.45258,8410.0,415.84177800000003
,16.148333333333333,41.409317,119.44268,8410.0,419.63187600000003
,16.149444444444445,41.408756,119.432045,8410.0,432.50849100000005
,16.150555555555552,41.407352,119.42177,8410.0,423.71352
,16.151666666666664,41.404827,119.4115,8410.0,438.485184
,16.152777777777775,41.40258,119.401596,8410.0,419.82624000000004
,16.153888888888886,41.40146,119.39132,8410.0,421.33256100000006
,16.155277777777776,41.399494,119.38142,8410.0,415.501641
,16.156388888888888,41.39753,119.37188,8410.0,401.41025099999996
,16.1575,41.395844,119.36198,8410.0,411.90590700000007
,16.15861111111111,41.39388,119.352066,8410.0,416.084733
,16.15972222222222,41.393036,119.34143,8410.0,434.01481200000006
,16.160833333333333,41.39107,119.33153,8410.0,415.550232
,16.16222222222222,41.38939,119.32162,8410.0,412.294635
,16.16333333333333,41.387703,119.31135,8410.0,426.62898000000007
,16.16444444444444,41.38574,119.30181,8410.0,401.45884200000006
,16.165555555555553,41.38349,119.29191,8410.0,419.82624000000004
,16.166666666666668,41.381245,119.28237,8410.0,405.783441
,16.16777777777778,41.379562,119.27246,8410.0,412.39181700000006
,16.16916666666667,41.378437,119.26146,8410.0,450.58434300000005
,16.17027777777778,41.378437,119.25045,8410.0,446.891427
,16.17138888888889,41.377316,119.239815,8410.0,435.90986100000003
,16.1725,41.37507,119.23028,8410.0,405.637668
,16.17361111111111,41.373386,119.22037,8410.0,412.440408
,16.174722222222222,41.37142,119.210464,8410.0,415.93896
,16.175833333333333,41.369736,119.20056,8410.0,412.19745300000005
,16.177222222222223,41.36749,119.19066,8410.0,419.82624000000004
,16.178333333333335,41.36609,119.18038,8410.0,424.150839
,16.179444444444446,41.363842,119.17048,8410.0,419.87483100000003
,16.180555555555557,41.362156,119.160576,8410.0,412.294635
,16.18166666666667,41.36019,119.1503,8410.0,430.51626000000005
,16.18277777777778,41.35907,119.14003,8410.0,421.33256100000006
,16.184166666666666,41.357384,119.12976,8410.0,426.823344
,16.185277777777777,41.355137,119.120224,8410.0,405.783441
,16.18638888888889,41.353455,119.10995,8410.0,426.96911700000004
,16.1875,41.35149,119.10041,8410.0,401.701797
,16.18861111111111,41.349804,119.09014,8410.0,426.871935
,16.189722222222223,41.34784,119.080605,8410.0,401.50743300000005
,16.191111111111113,41.346157,119.07033,8410.0,427.066299
,16.192222222222224,41.34419,119.060425,8410.0,416.084733
,16.193333333333335,41.341946,119.05052,8410.0,420.16637700000007
,16.194444444444446,41.3397,119.04062,8410.0,420.020604
,16.195555555555554,41.337452,119.03144,8410.0,392.17796100000004
,16.196666666666665,41.335487,119.02117,8410.0,430.41907800000007
,16.198055555555555,41.333805,119.01127,8410.0,412.24604400000004
,16.199166666666667,41.33212,119.001,8410.0,426.96911700000004
,16.200277777777778,41.330437,118.99072,8410.0,427.357845
,16.20138888888889,41.32819,118.981186,8410.0,405.880623
,16.2025,41.326786,118.97055,8410.0,438.630957
,16.203611111111112,41.32454,118.961006,8410.0,406.26935100000003
,16.204722222222223,41.323135,118.95074,8410.0,423.907884
,16.20611111111111,41.32089,118.9412,8410.0,406.12357800000007
,16.20722222222222,41.319206,118.9313,8410.0,412.343226
,16.208333333333332,41.31696,118.92175,8410.0,406.560897
,16.209444444444443,41.314995,118.91295,8410.0,372.984516
,16.210555555555555,41.313313,118.903046,8410.0,412.53759
,16.211666666666666,41.31191,118.89278,8410.0,423.956475
,16.213055555555556,41.30994,118.88287,8410.0,416.52205200000003
,16.214166666666667,41.307976,118.87296,8410.0,416.42487
,16.21527777777778,41.30601,118.86269,8410.0,430.6134420000001
,16.21638888888889,41.303764,118.85316,8410.0,405.8320320000001
,16.217499999999998,41.302082,118.84362,8410.0,398.20324500000004
,16.21861111111111,41.300396,118.83371,8410.0,412.87772700000005
,16.22,41.29843,118.82417,8410.0,401.99334300000004
,16.22111111111111,41.296185,118.81464,8410.0,405.880623
,16.22222222222222,41.29394,118.8051,8410.0,406.26935100000003
,16.223333333333333,41.291977,118.7952,8410.0,416.133324
,16.224444444444444,41.29029,118.78566,8410.0,398.30042700000007
,16.225555555555555,41.288326,118.77538,8410.0,431.09935200000007
,16.22694444444444,41.286922,118.765114,8410.0,424.10224800000003
,16.228055555555553,41.284958,118.75521,8410.0,416.327688
,16.229166666666664,41.28327,118.7453,8410.0,413.0235
,16.230277777777776,41.281307,118.73576,8410.0,402.041934
,16.231388888888887,41.279903,118.725494,8410.0,424.150839
,16.232499999999998,41.27766,118.71596,8410.0,406.12357800000007
,16.233611111111113,41.275974,118.70568,8410.0,427.746573
,16.235,41.27401,118.696144,8410.0,401.94475200000005
,16.23611111111111,41.272324,118.685875,8410.0,427.309254
,16.237222222222222,41.27036,118.67597,8410.0,416.47346100000004
,16.238333333333333,41.268677,118.66606,8410.0,413.072091
,16.239444444444445,41.26671,118.65616,8410.0,416.327688
,16.240555555555556,41.265026,118.646255,8410.0,412.87772700000005
,16.241944444444446,41.26334,118.63561,8410.0,442.32387300000005
,16.243055555555557,41.261375,118.62534,8410.0,430.90498800000006
,16.24416666666667,41.25941,118.61581,8410.0,401.798979
,16.24527777777778,41.258007,118.6059,8410.0,410.05944900000003
,16.24638888888889,41.25576,118.59599,8410.0,420.895242
,16.247500000000002,41.254078,118.58609,8410.0,412.73195400000003
,16.24888888888889,41.25183,118.57692,8410.0,392.226552
,16.25,41.25015,118.56665,8410.0,427.4064360000001
,16.25111111111111,41.247902,118.55748,8410.0,392.27514300000007
,16.252222222222223,41.2465,118.5472,8410.0,424.92829500000005
,16.253333333333334,41.244534,118.53767,8410.0,401.896161
,16.254444444444445,41.24257,118.52813,8410.0,402.284889
,16.25583333333333,41.241165,118.51823,8410.0,409.76790300000005
,16.256944444444443,41.2392,118.508316,8410.0,417.007962
,16.258055555555554,41.237797,118.49805,8410.0,424.393794
,16.259166666666665,41.23611,118.48851,8410.0,398.64056400000004
,16.260277777777777,41.23443,118.47824,8410.0,427.5036180000001
,16.261388888888888,41.23246,118.4687,8410.0,402.43066200000004
,16.2625,41.230778,118.459526,8410.0,384.111855
,16.26388888888889,41.22909,118.44962,8410.0,413.217864
,16.265,41.22741,118.44009,8410.0,398.20324500000004
,16.266111111111112,41.225723,118.43018,8410.0,413.36363700000004
,16.26722222222222,41.22404,118.42027,8410.0,413.315046
,16.26833333333333,41.222355,118.41037,8410.0,412.974909
,16.269444444444442,41.220673,118.40047,8410.0,412.92631800000004
,16.270833333333332,41.218708,118.39093,8410.0,402.43066200000004
,16.271944444444443,41.217304,118.38065,8410.0,425.122659
,16.273055555555555,41.21562,118.37075,8410.0,412.974909
,16.274166666666666,41.213932,118.36085,8410.0,413.072091
,16.275277777777777,41.211967,118.350945,8410.0,416.813598
,16.27638888888889,41.210285,118.341034,8410.0,413.412228
,16.27777777777778,41.20832,118.3315,8410.0,402.284889
,16.278888888888886,41.206917,118.321594,8410.0,410.20522200000005
,16.279999999999998,41.20523,118.311325,8410.0,427.746573
,16.28111111111111,41.20355,118.30178,8410.0,398.93211
,16.28222222222222,41.202145,118.29188,8410.0,410.01085800000004
,16.283333333333335,41.20046,118.281975,8410.0,413.315046
,16.284722222222225,41.198776,118.27207,8410.0,413.26645500000006
,16.285833333333336,41.196808,118.262535,8410.0,402.43066200000004
,16.286944444444448,41.195126,118.252625,8410.0,413.50941
,16.28805555555556,41.19316,118.24272,8410.0,416.95937100000003
,16.289166666666667,41.191475,118.23282,8410.0,413.16927300000003
,16.290277777777778,41.189793,118.222916,8410.0,413.26645500000006
,16.29138888888889,41.187828,118.21337,8410.0,402.867981
,16.29277777777778,41.186142,118.203835,8410.0,398.6891550000001
,16.29388888888889,41.18474,118.193565,8410.0,424.879704
,16.295,41.18249,118.18403,8380.0,406.80385200000006
,16.296111111111113,41.18081,118.17449,8380.0,398.883519
,16.297222222222224,41.178844,118.16458,8350.0,417.2509170000001
,16.298333333333336,41.17716,118.15468,8320.0,413.217864
,16.299722222222226,41.175194,118.14514,8320.0,402.722208
,16.300833333333333,41.173508,118.13597,8290.0,384.35481000000004
,16.301944444444445,41.171543,118.126434,8260.0,402.576435
,16.303055555555556,41.17014,118.11652,8230.0,410.7397230000001
,16.304166666666667,41.168457,118.10662,8230.0,413.26645500000006
,16.30527777777778,41.16677,118.09672,8200.0,413.315046
,16.30666666666667,41.16509,118.08755,8170.0,384.30621900000006
,16.30777777777778,41.163403,118.07838,8170.0,384.40340100000003
,16.30888888888889,41.162,118.06884,8110.0,395.822286
,16.310000000000002,41.160034,118.059296,8080.0,402.965163
,16.311111111111114,41.15863,118.04976,8080.0,395.72510400000004
,16.31222222222222,41.156948,118.039856,8050.0,413.460819
,16.31361111111111,41.155262,118.03032,8020.0,398.93211
,16.314722222222223,41.15358,118.02078,8020.0,399.02929200000005
,16.315833333333334,41.15161,118.01161,7990.0,388.38786300000004
,16.316944444444445,41.150208,118.00207,7960.0,395.87087700000006
,16.318055555555556,41.148243,117.99253,7920.0,402.867981
,16.319166666666668,41.14684,117.982994,7920.0,395.77369500000003
,16.32027777777778,41.145157,117.97346,7890.0,398.883519
,16.321666666666665,41.14347,117.96392,7860.0,399.1750650000001
,16.322777777777777,41.14179,117.95438,7860.0,399.0778830000001
,16.323888888888888,41.139824,117.945206,7830.0,388.533636
,16.325,41.138138,117.93567,7800.0,399.02929200000005
,16.32611111111111,41.136456,117.9265,7800.0,384.500583
,16.327222222222222,41.13477,117.91696,7770.0,399.223656
,16.328611111111112,41.133083,117.907425,7740.0,399.02929200000005
,16.329722222222223,41.1314,117.89789,7710.0,398.98070100000007
,16.330833333333334,41.129436,117.88872,7650.0,388.436454
,16.331944444444446,41.12775,117.87917,7620.0,399.660975
,16.333055555555557,41.125786,117.87,7590.0,388.436454
,16.334166666666665,41.124104,117.86083,7560.0,384.54917400000005
,16.335555555555555,41.1227,117.851295,7530.0,395.87087700000006
,16.336666666666666,41.121014,117.842125,7500.0,384.646356
,16.337777777777777,41.11933,117.83259,7470.0,399.0778830000001
,16.33888888888889,41.117645,117.82342,7440.0,384.646356
,16.34,41.11568,117.81461,7410.0,374.442246
,16.34111111111111,41.113995,117.80544,7380.0,384.646356
,16.342499999999998,41.112312,117.79627,7350.0,384.646356
,16.34361111111111,41.110626,117.787094,7320.0,384.93790200000007
,16.34472222222222,41.108944,117.77829,7280.0,370.166238
,16.34583333333333,41.10754,117.76912,7250.0,381.39075900000006
,16.346944444444443,41.105293,117.76142,7220.0,336.54126600000006
,16.348055555555554,41.10389,117.75225,7190.0,381.39075900000006
,16.349166666666665,41.102486,117.74271,7160.0,396.21101400000003
,16.350555555555555,41.10108,117.733536,7130.0,381.585123
,16.351666666666667,41.099678,117.724,7100.0,396.01665
,16.352777777777778,41.097996,117.71483,7070.0,384.694947
,16.35388888888889,41.097153,117.70529,7010.0,391.546278
,16.355,41.095467,117.69649,6980.0,370.1176470000001
,16.35611111111111,41.094063,117.68768,6950.0,367.056414
,16.3575,41.09238,117.67851,6920.0,384.74353800000006
,16.358611111111113,41.090416,117.670074,6890.0,359.96212800000006
,16.359722222222224,41.08845,117.66164,6860.0,359.913537
,16.360833333333336,41.086765,117.6532,6830.0,355.97766600000006
,16.361944444444447,41.08508,117.64549,6800.0,327.26038500000004
,16.363055555555558,41.08368,117.63632,6770.0,381.43935000000005
,16.364444444444445,41.082275,117.62715,6740.0,381.5365320000001
,16.365555555555556,41.08059,117.61798,6710.0,384.8407200000001
,16.366666666666667,41.079185,117.60954,6680.0,352.430523
,16.36777777777778,41.077503,117.60037,6640.0,384.79212900000005
,16.36888888888889,41.075817,117.59157,6610.0,370.21482900000007
,16.37,41.074413,117.58276,6580.0,367.20218700000004
,16.37138888888889,41.072166,117.57506,6550.0,336.687039
,16.3725,41.0702,117.56625,6520.0,374.68520100000006
,16.37361111111111,41.06964,117.55635,6490.0,404.86021200000005
,16.37472222222222,41.068237,117.546814,6430.0,396.21101400000003
,16.375833333333333,41.066833,117.53764,6400.0,381.779487
,16.376944444444444,41.06515,117.52884,6370.0,370.26342
,16.378055555555555,41.063465,117.51967,6340.0,384.93790200000007
,16.379444444444445,41.06178,117.5105,6310.0,384.93790200000007
,16.380555555555556,41.06038,117.50132,6280.0,381.973851
,16.381666666666668,41.05841,117.49289,6250.0,359.96212800000006
,16.38277777777778,41.05673,117.484085,6220.0,370.457784
,16.383888888888887,41.055042,117.47565,6190.0,355.97766600000006
,16.384999999999998,41.05364,117.46648,6160.0,381.63371400000005
,16.386388888888888,41.051956,117.4573,6100.0,385.37522100000007
,16.3875,41.05027,117.44813,6070.0,385.03508400000004
,16.38861111111111,41.048588,117.43969,6040.0,356.123439
,16.389722222222222,41.0469,117.430885,6000.0,370.6035570000001
,16.390833333333333,41.045498,117.42208,5970.0,367.105005
,16.391944444444444,41.043816,117.41328,5910.0,370.36060200000003
,16.393333333333334,41.04241,117.40485,5880.0,352.236159
,16.394444444444446,41.040726,117.39567,5880.0,385.42381200000005
,16.395555555555553,41.039043,117.38724,5820.0,355.78330200000005
,16.396666666666665,41.03764,117.379166,5730.0,338.047587
,16.397777777777776,41.035954,117.37036,5700.0,370.70073900000006
,16.398888888888887,41.03427,117.36119,5670.0,385.083675
,16.400277777777777,41.032867,117.35239,5640.0,367.00782300000003
,16.40138888888889,41.03118,117.344315,5610.0,341.886276
,16.4025,41.029778,117.33551,5550.0,367.20218700000004
,16.40361111111111,41.028374,117.32744,5520.0,337.95040500000005
,16.404722222222222,41.02669,117.318634,5490.0,370.70073900000006
,16.40583333333333,41.025005,117.310196,5460.0,356.17203
,16.40694444444444,41.0236,117.30139,5430.0,367.29936900000007
,16.40833333333333,41.02192,117.29332,5360.0,341.643321
,16.409444444444443,41.020794,117.28415,5330.0,379.155573
,16.410555555555554,41.01911,117.27608,5300.0,341.691912
,16.411666666666665,41.017708,117.26727,5270.0,367.44514200000003
,16.412777777777777,41.01602,117.258835,5240.0,356.17203
,16.413888888888888,41.014618,117.25076,5210.0,338.19336000000004
,16.415277777777778,41.013214,117.24196,5150.0,367.105005
,16.41638888888889,41.01153,117.23353,5120.0,355.929075
,16.4175,41.009846,117.22546,5090.0,341.74050300000005
,16.41861111111111,41.008442,117.21702,5030.0,352.77066
,16.419722222222223,41.00676,117.20821,4970.0,370.943694
,16.420833333333334,41.005356,117.199776,4940.0,352.5277050000001
,16.422222222222224,41.00339,117.19134,4910.0,360.399447
,16.423333333333336,41.001427,117.183266,4880.0,346.25946600000003
,16.424444444444447,40.99862,117.17483,4850.0,376.385886
,16.425555555555558,40.99553,117.16712,4820.0,356.36639400000007
,16.42666666666667,40.9916,117.16016,4750.0,354.860073
,16.42777777777778,40.98795,117.15355,4720.0,334.40326200000004
,16.429166666666667,40.982334,117.147316,4690.0,396.308196
,16.43027777777778,40.976723,117.141815,4660.0,377.600661
,16.43138888888889,40.970825,117.13668,4630.0,381.779487
,16.4325,40.96493,117.132645,4600.0,358.94171700000004
,16.433611111111112,40.958755,117.12824,4570.0,379.39852800000006
,16.434722222222224,40.95258,117.12457,4510.0,366.133185
,16.435833333333335,40.94612,117.121635,4480.0,369.43737300000004
,16.43722222222222,40.939945,117.1187,4450.0,354.90866400000004
,16.438333333333333,40.93377,117.115036,4420.0,366.03600300000005
,16.439444444444444,40.927876,117.111,4390.0,358.94171700000004
,16.440555555555555,40.921978,117.10733,4300.0,352.5277050000001
,16.441666666666666,40.916084,117.10403,4270.0,346.16228400000006
,16.442777777777778,40.91047,117.09999,4240.0,345.676374
,16.444166666666668,40.904575,117.09559,4210.0,366.084594
,16.44527777777778,40.89896,117.09119,4180.0,353.013615
,16.44638888888889,40.893066,117.08715,4110.0,359.08749000000006
,16.4475,40.88745,117.08275,4110.0,353.06220600000006
,16.448611111111113,40.881554,117.07871,4080.0,359.18467200000003
,16.449722222222224,40.875942,117.07468,4050.0,345.433419
,16.45111111111111,40.870045,117.071014,4050.0,352.47911400000004
,16.452222222222222,40.86443,117.06661,4020.0,353.110797
,16.453333333333333,40.858536,117.06294,3990.0,352.381932
,16.454444444444444,40.85292,117.05891,3960.0,345.6277830000001
,16.455555555555556,40.847588,117.054504,3960.0,340.13700000000006
,16.456666666666667,40.841972,117.050835,3930.0,338.87363400000004
,16.458055555555553,40.83664,117.0468,3900.0,332.313849
,16.459166666666665,40.831306,117.043495,3900.0,318.659778
,16.460277777777776,40.825974,117.039825,3900.0,325.170972
,16.461388888888887,40.82092,117.03616,3900.0,311.85703800000005
,16.4625,40.815865,117.03249,3900.0,312.002811
,16.46361111111111,40.810814,117.02919,3900.0,304.81134299999997
,16.46472222222222,40.80576,117.025154,3900.0,319.437234
,16.46611111111111,40.800987,117.021484,3900.0,298.73746800000004
,16.46722222222222,40.796215,117.018555,3900.0,284.64607800000005
,16.46833333333333,40.791725,117.01525,3900.0,278.037702
,16.46944444444444,40.78723,117.01195,3900.0,278.18347500000004
,16.470555555555553,40.78246,117.009384,3900.0,278.62079400000005
,16.471666666666664,40.778248,117.00645,3900.0,257.58089100000007
,16.473055555555554,40.773758,117.00314,3900.0,278.134884
,16.474166666666665,40.769547,116.99947,3900.0,272.935647
,16.475277777777777,40.765053,116.996544,3900.0,271.040598
,16.476388888888888,40.760845,116.99361,3900.0,257.386527
,16.4775,40.75635,116.991035,3900.0,265.06390500000003
,16.47861111111111,40.75214,116.988106,3900.0,257.43511800000005
,16.479999999999997,40.74765,116.98517,3900.0,271.040598
,16.481111111111108,40.74344,116.98223,3900.0,257.62948200000005
,16.48222222222222,40.738667,116.9793,3900.0,284.74326
,16.483333333333334,40.734455,116.976364,3900.0,257.67807300000004
,16.484444444444446,40.729965,116.97343,3900.0,270.992007
,16.485555555555557,40.72547,116.97123,3900.0,259.330167
,16.486944444444447,40.72098,116.969025,3900.0,259.135803
,16.488055555555558,40.71621,116.96646,3900.0,278.62079400000005
,16.489166666666666,40.711716,116.96462,3900.0,254.51965800000002
,16.490277777777777,40.706944,116.96206,3900.0,278.66938500000003
,16.49138888888889,40.702454,116.96022,3900.0,254.325294
,16.4925,40.69768,116.95766,3900.0,278.76656700000007
,16.49361111111111,40.693188,116.95582,3900.0,254.422476
,16.495,40.688416,116.95362,3900.0,273.421557
,16.496111111111112,40.683926,116.95105,3900.0,264.77235900000005
,16.497222222222224,40.679432,116.94885,3900.0,259.281576
,16.498333333333335,40.674942,116.94665,3870.0,259.087212
,16.499444444444446,40.67017,116.944084,3870.0,278.76656700000007
,16.500555555555554,40.66596,116.94151,3840.0,251.021106
,16.501944444444444,40.66147,116.938576,3780.0,271.089189
,16.503055555555555,40.656975,116.935646,3750.0,271.23496200000005
,16.504166666666666,40.652485,116.933075,3720.0,264.77235900000005
,16.505277777777778,40.648273,116.930145,3690.0,257.62948200000005
,16.50638888888889,40.64378,116.927574,3660.0,264.966723
,16.5075,40.63929,116.925,3600.0,264.869541
,16.50888888888889,40.634796,116.92207,3460.0,271.23496200000005
,16.51,40.630306,116.9195,3430.0,264.77235900000005
,16.511111111111113,40.625816,116.91694,3400.0,264.62658600000003
,16.51222222222222,40.621323,116.91437,3360.0,264.966723
,16.513333333333332,40.616833,116.91143,3330.0,271.23496200000005
,16.514444444444443,40.61234,116.90887,3300.0,264.77235900000005
,16.515833333333333,40.60785,116.906296,3270.0,264.869541
,16.516944444444444,40.603077,116.90373,3240.0,278.86374900000004
,16.518055555555556,40.598583,116.90153,3210.0,259.330167
,16.519166666666667,40.59437,116.89859,3210.0,257.92102800000004
,16.52027777777778,40.58988,116.89639,3180.0,259.135803
,16.52138888888889,40.585392,116.893456,3150.0,271.040598
,16.522499999999997,40.5809,116.89126,3120.0,259.184394
,16.523888888888887,40.57641,116.88905,3120.0,259.281576
,16.525,40.572197,116.88612,3090.0,257.72666399999997
,16.52611111111111,40.567703,116.88392,3090.0,259.330167
,16.52722222222222,40.563496,116.88135,3060.0,250.875333
,16.528333333333332,40.559284,116.87915,3030.0,245.093004
,16.529444444444444,40.555073,116.87658,3030.0,251.06969700000005
,16.530833333333334,40.55086,116.87438,3000.0,245.19018600000004
,16.531944444444445,40.54665,116.87181,3000.0,251.021106
,16.533055555555556,40.54272,116.86961,3000.0,231.00161400000002
,16.534166666666668,40.53851,116.86741,3000.0,245.044413
,16.53527777777778,40.53486,116.86521,3000.0,217.15317900000005
,16.53638888888889,40.53121,116.86337,3000.0,211.419441
,16.53777777777778,40.52756,116.86154,3000.0,211.27366800000001
,16.53888888888889,40.52391,116.85971,3000.0,211.27366800000001
,16.540000000000003,40.51998,116.857506,3000.0,231.09879600000002
,16.541111111111114,40.516613,116.85531,3000.0,203.30474400000003
,16.542222222222225,40.512962,116.85347,3000.0,211.468032
,16.543333333333337,40.509315,116.85091,3000.0,223.61578200000002
,16.544722222222223,40.505665,116.8487,3000.0,217.347543
,16.545833333333334,40.502014,116.845764,3000.0,231.487524
,16.546944444444446,40.498367,116.84357,3000.0,216.91022400000003
,16.548055555555557,40.494995,116.84173,3000.0,197.473824
,16.549166666666668,40.49135,116.8399,3000.0,211.03071300000002
,16.55027777777778,40.487698,116.8388,3000.0,202.67306100000005
,16.55138888888889,40.48433,116.837326,3000.0,191.98304100000004
,16.552777777777777,40.48068,116.83586,3000.0,206.46315900000002
,16.55388888888889,40.47703,116.8344,3000.0,206.36597700000002
,16.555,40.473663,116.83036,3000.0,246.599325
,16.55611111111111,40.47029,116.828156,3000.0,203.74206300000003
,16.557222222222222,40.466362,116.82779,3000.0,213.02294400000002
,16.558333333333334,40.462433,116.82742,3000.0,213.071535
,16.559722222222224,40.458504,116.82779,3000.0,213.071535
,16.560833333333335,40.45457,116.82926,3000.0,221.234823
,16.561944444444446,40.450363,116.83073,2970.0,235.47198600000002
,16.563055555555557,40.446712,116.831825,2940.0,202.57587900000001
,16.56416666666667,40.4425,116.83403,2910.0,245.23877700000003
,16.56527777777778,40.438572,116.83513,2910.0,217.250361
,16.566666666666666,40.434643,116.83586,2880.0,214.626447
,16.567777777777778,40.43071,116.83659,2850.0,214.869402
,16.56888888888889,40.42678,116.837326,2820.0,214.72362900000005
,16.57,40.42285,116.83843,2790.0,217.39613400000005
,16.57111111111111,40.41892,116.839165,2760.0,214.72362900000005
,16.572222222222223,40.41499,116.84026,2720.0,217.29895199999999
,16.57361111111111,40.41106,116.840996,2720.0,214.72362900000005
,16.57472222222222,40.40741,116.8421,2720.0,202.62447000000003
,16.575833333333332,40.403763,116.842834,2720.0,199.56323700000002
,16.576944444444443,40.400112,116.84393,2720.0,202.57587900000001
,16.578055555555554,40.39646,116.84503,2720.0,202.67306100000005
,16.579166666666666,40.392532,116.845764,2720.0,214.626447
,16.580277777777777,40.38888,116.846504,2720.0,199.903374
,16.581666666666667,40.385235,116.8476,2690.0,202.28433300000003
,16.58277777777778,40.381584,116.848335,2660.0,199.806192
,16.583888888888886,40.377655,116.84907,2660.0,214.67503800000003
,16.584999999999997,40.374004,116.85017,2600.0,202.62447000000003
,16.58611111111111,40.370075,116.85127,2570.0,217.29895199999999
,16.58722222222222,40.366425,116.852005,2570.0,199.75760100000002
,16.58861111111111,40.362495,116.8531,2540.0,217.29895199999999
,16.58972222222222,40.358845,116.853836,2510.0,199.75760100000002
,16.590833333333332,40.355194,116.85457,2480.0,199.806192
,16.591944444444444,40.351265,116.855675,2480.0,217.347543
,16.593055555555555,40.347336,116.85677,2420.0,217.250361
,16.594166666666666,40.343685,116.85787,2420.0,202.62447000000003
,16.595555555555553,40.34004,116.858604,2420.0,199.466055
,16.596666666666664,40.336388,116.85971,2420.0,202.72165200000003
,16.597777777777775,40.332737,116.86044,2420.0,199.75760100000002
,16.598888888888887,40.32909,116.861176,2420.0,199.611828
,16.6,40.325718,116.86191,2420.0,184.888755
,16.601111111111113,40.32207,116.86301,2420.0,202.47869700000004
,16.602500000000003,40.31814,116.86337,2420.0,213.12012600000003
,16.603611111111114,40.31477,116.86411,2420.0,184.84016400000002
,16.604722222222225,40.311123,116.86374,2420.0,197.86255200000002
,16.605833333333333,40.307472,116.86301,2390.0,199.75760100000002
,16.606944444444444,40.304386,116.86154,2360.0,177.600105
,16.608055555555556,40.301014,116.858604,2360.0,218.95104600000002
,16.609166666666667,40.29849,116.85531,2330.0,192.61472400000002
,16.610555555555557,40.29624,116.85127,2300.0,206.36597700000002
,16.611666666666668,40.294838,116.846504,2270.0,210.739167
,16.61277777777778,40.293716,116.84136,2270.0,220.74891300000002
,16.61388888888889,40.293438,116.83623,2240.0,212.196897
,16.615000000000002,40.294,116.83073,2210.0,228.960792
,16.616111111111113,40.29568,116.825226,2210.0,244.607094
,16.6175,40.29821,116.82009,2180.0,252.23588100000003
,16.61861111111111,40.301296,116.815315,2150.0,258.212574
,16.619722222222222,40.304665,116.81129,2120.0,246.550734
,16.620833333333334,40.308315,116.80798,2120.0,240.03954000000004
,16.621944444444445,40.312527,116.805046,2120.0,257.9696190000001
,16.623055555555556,40.316174,116.80211,2120.0,231.487524
,16.624444444444446,40.320385,116.799545,2120.0,251.16687900000005
,16.625555555555557,40.324314,116.79734,2120.0,231.147387
,16.62666666666667,40.328247,116.79478,2120.0,237.51280800000004
,16.62777777777778,40.332176,116.792206,2120.0,237.56139900000002
,16.628888888888888,40.335827,116.789276,2120.0,231.487524
,16.63,40.339756,116.786705,2120.0,237.51280800000004
,16.63138888888889,40.343407,116.78377,2120.0,231.63329700000003
,16.6325,40.347054,116.781204,2120.0,223.85873700000002
,16.63361111111111,40.35042,116.77827,2120.0,218.562318
,16.634722222222223,40.354073,116.77533,2120.0,231.77907
,16.635833333333334,40.358,116.7724,2120.0,244.36413900000002
,16.636944444444445,40.361652,116.76946,2080.0,231.730479
,16.638055555555557,40.36502,116.766525,2080.0,218.6595
,16.639444444444443,40.36867,116.763596,2050.0,231.390342
,16.640555555555554,40.37232,116.76066,2020.0,231.536115
,16.641666666666666,40.37597,116.75772,2020.0,231.63329700000003
,16.642777777777777,40.379337,116.75516,1960.0,210.447621
,16.64388888888889,40.382988,116.75222,1960.0,231.68188800000001
,16.645,40.38664,116.74928,1930.0,231.730479
,16.64638888888889,40.390285,116.74635,1900.0,231.19597800000003
,16.6475,40.393375,116.74305,1900.0,215.45249400000003
,16.648611111111112,40.396183,116.73901,1870.0,225.31646700000002
,16.649722222222223,40.397587,116.734245,1840.0,210.447621
,16.65083333333333,40.39871,116.72911,1840.0,220.06863900000002
,16.651944444444442,40.39927,116.723976,1810.0,213.654627
,16.653333333333332,40.39983,116.718834,1810.0,213.94617300000004
,16.654444444444444,40.400112,116.7137,1810.0,212.05112400000002
,16.655555555555555,40.400673,116.7082,1810.0,228.57206400000004
,16.656666666666666,40.400955,116.70343,1810.0,197.08509600000002
,16.657777777777778,40.401516,116.69866,1810.0,198.83437200000003
,16.65888888888889,40.402077,116.69389,1780.0,198.83437200000003
,16.660277777777775,40.40292,116.689125,1780.0,201.50687700000003
,16.661388888888887,40.40348,116.68436,1750.0,198.591417
,16.662499999999998,40.40404,116.67959,1720.0,198.78578100000001
,16.66361111111111,40.404884,116.67481,1690.0,202.08996900000002
,16.66472222222222,40.405445,116.66968,1660.0,213.46026300000003
,16.66583333333333,40.405727,116.66491,1660.0,197.08509600000002
,16.666944444444447,40.405445,116.66051,1630.0,181.87611300000003
,16.668333333333333,40.404884,116.65574,1600.0,198.78578100000001
,16.669444444444444,40.403763,116.65097,1600.0,205.637112
,16.670555555555556,40.40292,116.64657,1570.0,186.880986
,16.671666666666667,40.402077,116.642166,1540.0,187.02675900000003
,16.672777777777778,40.401234,116.6374,1540.0,201.55546800000002
,16.67388888888889,40.400673,116.632996,1510.0,183.916935
,16.67527777777778,40.39983,116.62859,1510.0,187.123941
,16.67638888888889,40.39871,116.62419,1510.0,191.108403
,16.677500000000002,40.39646,116.62052,1510.0,194.072454
,16.678611111111113,40.394215,116.61722,1510.0,182.264841
,16.679722222222225,40.39113,116.61502,1510.0,189.893628
,16.680833333333336,40.38776,116.612816,1510.0,203.64488100000003
,16.682222222222222,40.38439,116.61172,1510.0,187.80421500000003
,16.683333333333334,40.381023,116.609886,1510.0,197.182278
,16.684444444444445,40.377934,116.60805,1510.0,183.431025
,16.685555555555556,40.374847,116.60585,1510.0,189.99081000000004
,16.686666666666667,40.371758,116.60401,1510.0,183.479616
,16.68777777777778,40.36867,116.60218,1510.0,183.28525199999999
,16.689166666666665,40.36558,116.599976,1510.0,190.23376500000003
,16.690277777777776,40.362774,116.59778,1510.0,176.72546700000004
,16.691388888888888,40.359406,116.59631,1510.0,191.98304100000004
,16.6925,40.35632,116.59411,1510.0,189.94221900000002
,16.69361111111111,40.35323,116.59228,1510.0,183.38243400000002
,16.69472222222222,40.35042,116.59007,1510.0,177.21137700000003
,16.695833333333333,40.347336,116.587875,1510.0,189.79644600000003
,16.697222222222223,40.344246,116.58604,1510.0,183.479616
,16.698333333333334,40.34116,116.584206,1510.0,183.236661
,16.699444444444445,40.33807,116.582,1470.0,190.28235600000002
,16.700555555555553,40.334984,116.58017,1470.0,183.18807
,16.701666666666664,40.331894,116.57834,1440.0,183.38243400000002
,16.702777777777776,40.328526,116.576866,1440.0,192.03163200000003
,16.704166666666666,40.325157,116.57723,1410.0,182.847933
,16.705277777777777,40.32151,116.57834,1380.0,202.52728800000003
,16.70638888888889,40.31814,116.57907,1350.0,184.742982
,16.7075,40.31477,116.57944,1350.0,182.94511500000002
,16.70861111111111,40.3114,116.58017,1350.0,184.742982
,16.709722222222222,40.308033,116.58017,1320.0,182.119068
,16.711111111111112,40.304665,116.580536,1320.0,182.799342
,16.71222222222222,40.30158,116.5809,1320.0,167.54176800000002
,16.71333333333333,40.297928,116.581635,1290.0,199.85478300000003
,16.714444444444442,40.294838,116.582,1290.0,167.83331400000003
,16.715555555555554,40.29119,116.58237,1290.0,197.911143
,16.716666666666665,40.2881,116.58274,1260.0,167.83331400000003
,16.718055555555555,40.284733,116.58347,1260.0,184.59720900000002
,16.719166666666666,40.281364,116.58384,1230.0,182.847933
,16.720277777777778,40.277996,116.58457,1230.0,184.6458
,16.72138888888889,40.27491,116.58494,1200.0,167.63895000000002
,16.722499999999997,40.27126,116.58567,1170.0,199.70901
,16.723611111111108,40.26817,116.5864,1170.0,169.82554499999998
,16.72472222222222,40.2648,116.58714,1140.0,184.84016400000002
,16.72611111111111,40.261433,116.587875,1110.0,184.6458
,16.72722222222222,40.258064,116.587875,1080.0,182.21625
,16.72833333333333,40.25498,116.58861,1020.0,169.53399900000002
,16.729444444444443,40.251328,116.588974,1020.0,198.10550700000002
,16.730555555555554,40.24796,116.58971,990.0,184.694391
,16.731666666666666,40.24459,116.59044,960.0,184.742982
,16.733055555555556,40.2415,116.590805,960.0,167.83331400000003
,16.734166666666667,40.238132,116.59117,930.0,182.799342
,16.735277777777778,40.235046,116.59191,930.0,169.67977200000004
,16.73638888888889,40.231956,116.59228,900.0,167.83331400000003
,16.7375,40.22915,116.59264,900.0,152.527149
,16.738611111111112,40.22634,116.59301,900.0,152.77010400000003
,16.740000000000002,40.223537,116.59374,870.0,154.56797100000003
,16.741111111111113,40.22073,116.59374,870.0,151.846875
,16.742222222222225,40.217922,116.594475,830.0,154.908108
,16.743333333333336,40.215115,116.59484,830.0,152.57574000000002
,16.744444444444447,40.212585,116.59521,830.0,137.706894
,16.745555555555555,40.21006,116.59557,770.0,137.366757
,16.746944444444445,40.207813,116.59595,770.0,122.546502
,16.748055555555556,40.205288,116.59668,740.0,139.89348900000002
,16.749166666666667,40.202763,116.597046,710.0,137.41534800000002
,16.75027777777778,40.200237,116.597046,710.0,136.63789200000002
,16.75138888888889,40.19743,116.59741,680.0,152.57574000000002
,16.7525,40.1949,116.59778,680.0,137.706894
,16.753611111111113,40.192093,116.59778,650.0,151.846875
,16.755,40.189568,116.598145,650.0,137.41534800000002
,16.75611111111111,40.187042,116.59888,620.0,139.99067100000002
,16.75722222222222,40.184513,116.59924,620.0,137.609712
,16.758333333333333,40.181988,116.59961,590.0,137.41534800000002
,16.759444444444444,40.179462,116.599976,590.0,137.463939
,16.760555555555555,40.176937,116.60035,590.0,137.463939
,16.761944444444445,40.17413,116.600716,560.0,152.57574000000002
,16.763055555555557,40.1716,116.60145,530.0,140.185035
,16.764166666666668,40.168793,116.60145,530.0,151.846875
,16.76527777777778,40.166267,116.601814,500.0,137.463939
,16.76638888888889,40.163742,116.60218,500.0,137.41534800000002
,16.7675,40.160934,116.60255,470.0,152.672922
,16.76888888888889,40.15841,116.60291,470.0,137.31816600000002
,16.77,40.15588,116.603645,440.0,140.185035
,16.77111111111111,40.153355,116.60438,440.0,139.94208
,16.772222222222222,40.15083,116.60475,410.0,137.41534800000002
,16.773333333333333,40.14746,116.60401,380.0,184.84016400000002
,16.774444444444445,40.14493,116.605484,380.0,149.80605300000002
,16.77583333333333,40.142406,116.60622,350.0,139.89348900000002
,16.776944444444442,40.139317,116.60622,350.0,167.10444900000002
,16.778055555555554,40.13651,116.60658,320.0,152.57574000000002
,16.779166666666665,40.133984,116.60695,320.0,137.51253
,16.780277777777776,40.13146,116.607315,290.0,137.366757
,16.781388888888888,40.12865,116.60805,290.0,155.00529000000003
,16.7825,40.125843,116.60841,260.0,152.57574000000002
,16.78388888888889,40.123318,116.60915,260.0,139.99067100000002
,16.785,40.12079,116.60952,230.0,137.609712
,16.78611111111111,40.117985,116.609886,230.0,152.47855800000002
,16.787222222222223,40.115456,116.61025,190.0,137.609712
,16.788333333333334,40.11293,116.61062,190.0,137.51253
,16.789444444444445,40.110405,116.610985,160.0,137.41534800000002
,16.790833333333335,40.107597,116.61172,160.0,154.908108
,16.791944444444447,40.10507,116.61245,130.0,139.99067100000002
,16.793055555555558,40.102543,116.612816,100.0,137.51253
,16.79416666666667,40.100018,116.613556,100.0,139.99067100000002
